2072	2040	2540	1215.647491
2072	2040	2540	1215.65747
2072	2040	2540	1215.667388
2072	2040	2540	1215.677459
2072	2040	2540	1215.682525
2072	2040	2540	1215.692413
2072	2040	2540	1215.69757
2072	2040	2536	1215.717895
2072	2040	2536	1215.722839
2072	2040	2536	1215.7276
2072	2040	2540	1215.732696
2072	2040	2540	1215.742675
2072	2040	2540	1215.747772
2072	2040	2540	1215.757812
2072	2040	2536	1215.777893
2072	2040	2536	1215.788177
2072	2040	2536	1215.7984000000001
2072	2040	2536	1215.807983
2072	2040	2536	1215.813171
2072	2040	2536	1215.818267
2072	2040	2536	1215.828186
2072	2040	2536	1215.838256
2068	2040	2536	1215.843292
2072	2040	2540	1215.8533929999999
2072	2040	2536	1215.858642
2072	2040	2536	1215.888336
2072	2040	2536	1215.898559
2072	2040	2536	1215.923706
2072	2040	2536	1215.933624
2072	2040	2536	1215.938659
2072	2040	2536	1215.943786
2072	2040	2536	1215.953643
2072	2040	2536	1215.973846
2072	2040	2536	1215.9890129999999
2072	2040	2540	1215.9940179999999
2072	2040	2540	1216.004211
2072	2040	2540	1216.009124
2072	2040	2540	1216.044372
2068	2040	2536	1216.0843810000001
2068	2040	2536	1216.094421
2072	2040	2540	1216.1045530000001
2072	2044	2540	1216.109558
2068	2036	2540	1216.11972
2072	2044	2540	1216.124755
2072	2040	2536	1216.129608
2068	2036	2540	1216.139739
2072	2032	2536	1216.159851
2060	2036	2532	1216.174896
2080	2036	2532	1216.17987
2080	2052	2540	1216.184875
2064	2036	2524	1216.210235
2068	2036	2544	1216.220123
2064	2044	2536	1216.225036
2080	2032	2548	1216.250213
2076	2048	2536	1216.260192
2076	2032	2540	1216.275421
2072	2036	2536	1216.285461
2072	2036	2540	1216.290374
2072	2048	2532	1216.295379
2080	2052	2540	1216.300506
2080	2036	2540	1216.310577
2072	2036	2540	1216.320678
2068	2040	2536	1216.355651
2076	2040	2540	1216.360839
2072	2048	2536	1216.376098
2072	2032	2540	1216.38092
2072	2036	2536	1216.401
2076	2040	2540	1216.420989
2068	2048	2540	1216.426025
2076	2036	2540	1216.431091
2072	2040	2536	1216.43634
2072	2036	2540	1216.446197
2072	2036	2536	1216.451202
2072	2044	2540	1216.456298
2072	2044	2540	1216.461303
2072	2036	2540	1216.4664
2068	2040	2536	1216.471405
2072	2040	2536	1216.481445
2068	2040	2536	1216.486358
2076	2036	2540	1216.496398
2072	2044	2536	1216.5066219999999
2068	2036	2536	1216.516448
2072	2036	2536	1216.541625
2072	2040	2536	1216.54663
2076	2048	2536	1216.556671
2072	2036	2536	1216.5618279999999
2072	2040	2540	1216.576812
2076	2044	2540	1216.586791
2072	2044	2544	1216.602325
2076	2048	2540	1216.606964
2076	2040	2540	1216.616943
2068	2044	2536	1216.62207
2072	2040	2540	1216.632202
2068	2044	2540	1216.637207
2072	2048	2540	1216.677307
2068	2032	2540	1216.687469
2072	2036	2540	1216.697479
2072	2032	2536	1216.702545
2080	2044	2540	1216.712371
2076	2032	2540	1216.717498
2076	2040	2540	1216.732635
2072	2040	2544	1216.74768
2064	2020	2544	1216.752655
2080	2056	2532	1216.767913
2068	2024	2544	1216.7827750000001
2068	2056	2532	1216.792785
2088	2052	2536	1216.828125
2076	2036	2532	1216.833129
2060	2040	2544	1216.843109
2076	2028	2540	1216.863281
2072	2032	2540	1216.878204
2088	2056	2540	1216.888305
2072	2040	2540	1216.893585
2060	2016	2544	1216.898437
2068	2044	2536	1216.908294
2076	2044	2532	1216.913421
2076	2056	2532	1216.918426
2068	2024	2548	1216.928741
2056	2036	2540	1216.933563
2060	2028	2544	1216.963806
2084	2048	2532	1216.973632
2080	2056	2532	1216.978698
2072	2040	2536	1216.983764
2080	2028	2544	1216.988677
2068	2032	2548	1216.993927
2080	2056	2532	1217.008911
2076	2044	2532	1217.0139159999999
2072	2032	2540	1217.018859
2084	2060	2532	1217.039001
2076	2032	2548	1217.054138
2064	2028	2548	1217.059204
2064	2024	2536	1217.064239
2076	2036	2532	1217.079223
2068	2036	2548	1217.089447
2060	2028	2540	1217.09436
2080	2060	2536	1217.10437
2076	2044	2532	1217.109313
2060	2028	2544	1217.124664
2072	2036	2540	1217.129516
2080	2056	2536	1217.134429
2056	2024	2544	1217.154754
2080	2056	2536	1217.164703
2080	2064	2532	1217.199737
2076	2036	2544	1217.20993
2064	2032	2548	1217.214782
2064	2020	2544	1217.220001
2080	2064	2532	1217.2299189999999
2060	2020	2540	1217.250122
2080	2064	2532	1217.260101
2080	2056	2528	1217.265075
2084	2032	2536	1217.270111
2072	2032	2544	1217.275177
2064	2036	2540	1217.345428
2084	2048	2532	1217.350677
2080	2064	2532	1217.35556
2060	2032	2540	1217.37561
2084	2056	2532	1217.385894
2068	2056	2532	1217.390686
2080	2036	2540	1217.395843
2056	2028	2540	1217.405914
2076	2044	2536	1217.410949
2084	2052	2532	1217.415954
2076	2052	2532	1217.420898
2072	2040	2540	1217.425872
2076	2020	2548	1217.430908
2056	2024	2540	1217.435943
2084	2056	2536	1217.446136
2076	2060	2532	1217.451263
2076	2040	2536	1217.455932
2076	2028	2548	1217.461273
2068	2036	2536	1217.471069
2084	2052	2536	1217.476104
2076	2060	2532	1217.481262
2076	2024	2548	1217.4912709999999
2064	2032	2536	1217.501281
2084	2052	2536	1217.506225
2076	2028	2544	1217.521331
2064	2024	2548	1217.526519
2080	2048	2536	1217.536376
2076	2064	2532	1217.541412
2076	2052	2536	1217.5466000000001
2068	2032	2540	1217.561584
2076	2032	2544	1217.581817
2064	2020	2544	1217.586669
2060	2032	2540	1217.591735
2072	2052	2536	1217.601684
2088	2044	2536	1217.641906
2048	2020	2536	1217.652038
2076	2040	2536	1217.657104
2088	2052	2536	1217.662048
2056	2016	2544	1217.682067
2064	2028	2536	1217.687286
2076	2040	2536	1217.702362
2060	2028	2540	1217.712402
2088	2052	2536	1217.722351
2080	2048	2536	1217.732391
2084	2028	2548	1217.737426
2060	2028	2540	1217.742614
2072	2028	2540	1217.747436
2088	2044	2540	1217.752502
2072	2064	2532	1217.757598
2076	2048	2536	1217.762481
2084	2028	2544	1217.7676999999999
2068	2028	2540	1217.777618
2080	2032	2540	1217.812744
2072	2060	2532	1217.822875
2080	2024	2540	1217.842864
2072	2064	2532	1217.853027
2076	2028	2540	1217.873199
2084	2048	2536	1217.878051
2088	2044	2536	1217.908203
2076	2048	2536	1217.918334
2052	2024	2540	1217.928833
2096	2044	2540	1217.938629
2068	2068	2528	1217.94342
2068	2048	2536	1217.948516
2084	2024	2548	1217.953521
2064	2032	2544	1217.958496
2080	2068	2532	1217.973602
2080	2020	2544	1217.983673
2064	2032	2540	1217.993743
2080	2032	2536	1217.99884
2084	2060	2532	1218.003845
2072	2024	2544	1218.018798
2064	2044	2540	1218.023742
2084	2032	2540	1218.028839
2080	2056	2532	1218.034057
2076	2016	2544	1218.049072
2056	2024	2540	1218.084106
2072	2044	2540	1218.089172
2068	2060	2532	1218.099395
2064	2020	2540	1218.114257
2092	2048	2536	1218.1243279999999
2072	2060	2532	1218.129455
2068	2044	2536	1218.134552
2080	2024	2548	1218.139465
2068	2024	2540	1218.144409
2072	2032	2536	1218.149475
2068	2048	2536	1218.164642
2072	2020	2544	1218.169555
2072	2024	2544	1218.174652
2088	2040	2532	1218.18457
2076	2060	2532	1218.189636
2068	2052	2532	1218.194671
2072	2024	2544	1218.204711
2072	2032	2540	1218.20996
2084	2040	2536	1218.214721
2064	2056	2540	1218.224792
2072	2024	2548	1218.234802
2068	2032	2544	1218.239898
2080	2036	2536	1218.244873
2064	2060	2532	1218.254974
2084	2052	2532	1218.28012
2064	2056	2532	1218.440856
2068	2028	2540	1218.45108
2064	2056	2532	1218.471069
2084	2032	2536	1218.491424
2084	2052	2536	1218.496246
2064	2040	2540	1218.536407
2072	2060	2536	1218.591796
2072	2032	2540	1218.601898
2076	2064	2536	1218.621917
2072	2032	2540	1218.636749
2076	2032	2540	1218.641845
2064	2052	2536	1218.687194
2072	2024	2544	1218.697235
2068	2024	2540	1218.732421
2088	2048	2536	1218.7424310000001
2060	2040	2536	1218.752563
2080	2032	2540	1218.757446
2072	2032	2536	1218.767456
2084	2056	2536	1218.772613
2076	2060	2540	1218.777618
2060	2048	2536	1218.782623
2084	2048	2536	1218.8029470000001
2068	2036	2544	1218.847961
2072	2032	2536	1218.858001
2076	2052	2536	1218.868041
2068	2040	2544	1218.87796
2084	2048	2536	1218.89328
2060	2048	2536	1218.903137
2076	2024	2540	1218.948638
2072	2040	2536	1218.953399
2084	2056	2536	1218.958435
2072	2048	2540	1218.963439
2056	2040	2540	1218.968444
2076	2032	2536	1218.9837029999999
2080	2048	2536	1218.988586
2068	2028	2544	1219.003662
2080	2028	2540	1219.008575
2064	2052	2540	1219.028717
2076	2040	2536	1219.044006
2080	2044	2536	1219.04898
2064	2036	2544	1219.063964
2084	2044	2540	1219.079101
2060	2048	2540	1219.119232
2076	2032	2540	1219.129211
2064	2056	2544	1219.149322
2056	2040	2540	1219.154296
2080	2036	2544	1219.164489
2084	2048	2536	1219.17456
2072	2060	2544	1219.1795339999999
2072	2028	2540	1219.219879
2076	2032	2540	1219.224761
2068	2032	2540	1219.249877
2080	2032	2544	1219.254913
2088	2052	2532	1219.2649529999999
2084	2056	2540	1219.269836
2064	2036	2540	1219.280059
2080	2040	2532	1219.2951659999999
2080	2064	2536	1219.300048
2060	2040	2544	1219.305145
2056	2028	2540	1219.31018
2084	2036	2536	1219.355346
2072	2056	2540	1219.365356
2060	2036	2540	1219.370513
2072	2028	2540	1219.37561
2084	2036	2540	1219.380554
2084	2044	2536	1219.390472
2072	2052	2544	1219.395538
2068	2028	2540	1219.4057
2068	2036	2540	1219.435821
2088	2032	2540	1219.440826
2060	2032	2540	1219.46582
2080	2036	2536	1219.475982
2064	2044	2540	1219.49121
2084	2040	2536	1219.536437
2084	2048	2532	1219.54132
2064	2048	2544	1219.551269
2076	2028	2540	1219.561279
2084	2036	2536	1219.571472
2068	2028	2540	1219.621643
2084	2040	2540	1219.626586
2076	2036	2532	1219.631835
2060	2040	2544	1219.646759
2080	2040	2540	1219.656829
2080	2044	2536	1219.6670530000001
2072	2048	2540	1219.671844
2084	2040	2536	1219.691864
2084	2044	2536	1219.697204
2052	2040	2540	1219.742248
2064	2040	2544	1219.767395
2072	2036	2536	1219.777496
2076	2048	2532	1219.787353
2076	2044	2536	1219.807556
2096	2032	2540	1219.812561
2064	2036	2536	1219.837677
2068	2044	2532	1219.852661
2088	2032	2540	1219.872894
2084	2048	2532	1219.87796
2076	2040	2536	1219.882873
2076	2040	2540	1219.887939
2056	2032	2540	1219.8980099999999
2080	2028	2540	1219.903167
2056	2044	2544	1219.9532159999999
2056	2036	2540	1219.958435
2088	2040	2536	1219.968505
2088	2040	2536	1219.998413
2080	2048	2536	1220.003479
2052	2036	2540	1220.018676
2068	2044	2544	1220.0436399999999
2052	2040	2540	1220.048797
2060	2032	2536	1220.053802
2076	2036	2536	1220.068847
2072	2052	2548	1220.073822
2052	2040	2544	1220.078796
2092	2048	2536	1220.093811
2080	2032	2540	1220.11914
2080	2040	2536	1220.129058
2056	2040	2548	1220.139282
2080	2032	2540	1220.149169
2084	2048	2540	1220.154388
2084	2044	2536	1220.159179
2076	2036	2540	1220.179443
2072	2044	2532	1220.189544
2080	2044	2544	1220.1945190000001
2092	2052	2536	1220.214477
2080	2044	2532	1220.219848
2072	2044	2548	1220.229614
2076	2040	2540	1220.254821
2068	2040	2548	1220.259887
2052	2036	2540	1220.264801
2088	2040	2540	1220.274719
2084	2040	2532	1220.279907
2072	2044	2548	1220.289794
2056	2036	2544	1220.294891
2088	2040	2544	1220.3049310000001
2084	2040	2532	1220.309967
2076	2044	2536	1220.315032
2056	2036	2544	1220.325042
2076	2048	2544	1220.3503719999999
2056	2032	2544	1220.355102
2092	2048	2536	1220.370239
2080	2040	2532	1220.375274
2076	2040	2540	1220.380645
2052	2032	2540	1220.420562
2072	2040	2540	1220.425628
2080	2048	2536	1220.435516
2064	2036	2552	1220.445861
2052	2032	2544	1220.450592
2068	2036	2540	1220.455688
2084	2040	2536	1220.4657280000001
2072	2036	2548	1220.4757690000001
2060	2032	2544	1220.57135
2096	2052	2540	1220.586456
2076	2032	2540	1220.611602
2076	2052	2532	1220.621704
2076	2028	2544	1220.6265250000001
2052	2036	2536	1220.636627
2092	2048	2536	1220.646545
2068	2036	2548	1220.661773
2052	2040	2536	1220.666748
2068	2028	2536	1220.671813
2068	2032	2548	1220.691802
2084	2060	2536	1220.711914
2080	2040	2536	1220.7170409999999
2072	2024	2544	1220.722045
2052	2040	2544	1220.726959
2084	2044	2536	1220.747192
2052	2032	2544	1220.757141
2088	2040	2536	1220.767242
2088	2048	2536	1220.772491
2076	2044	2536	1220.777221
2060	2028	2548	1220.787384
2076	2040	2540	1220.812469
2052	2032	2536	1220.82257
2072	2040	2532	1220.827545
2096	2060	2536	1220.83258
2068	2032	2536	1220.842773
2088	2048	2536	1220.8628840000001
2084	2048	2532	1220.867767
2076	2036	2540	1220.872955
2088	2048	2540	1220.892852
2092	2052	2540	1220.922973
2068	2036	2536	1220.932983
2072	2032	2536	1220.963195
2060	2040	2544	1220.973419
2076	2044	2536	1220.983367
2084	2040	2540	1220.993377
2056	2040	2544	1221.003692
2076	2040	2536	1221.013458
2084	2056	2536	1221.018402
2084	2040	2536	1221.02359
2060	2040	2544	1221.033691
2080	2036	2536	1221.0436399999999
2088	2052	2532	1221.048553
2084	2044	2536	1221.08374
2072	2044	2548	1221.09378
2060	2032	2544	1221.098968
2084	2064	2536	1221.109039
2080	2048	2536	1221.139038
2076	2036	2536	1221.149414
2056	2036	2540	1221.159118
2064	2036	2536	1221.164337
2080	2052	2536	1221.174316
2080	2036	2536	1221.179199
2068	2032	2540	1221.184387
2060	2036	2536	1221.194427
2084	2052	2536	1221.204376
2076	2032	2540	1221.214508
2064	2044	2540	1221.219482
2060	2032	2536	1221.224517
2072	2036	2536	1221.244506
2060	2032	2536	1221.2546379999999
2088	2060	2536	1221.264923
2068	2040	2544	1221.279693
2068	2036	2536	1221.289733
2084	2052	2536	1221.330108
2084	2036	2544	1221.365112
2056	2028	2540	1221.375152
2072	2036	2540	1221.380218
2080	2052	2536	1221.385375
2084	2032	2536	1221.395446
2064	2028	2536	1221.410369
2084	2052	2536	1221.415435
2080	2056	2532	1221.420349
2060	2032	2540	1221.440643
2076	2044	2536	1221.4455560000001
2072	2024	2540	1221.460723
2064	2040	2548	1221.46582
2060	2036	2544	1221.470703
2084	2052	2532	1221.510986
2080	2032	2540	1221.520965
2060	2040	2544	1221.531005
2068	2044	2536	1221.535949
2084	2052	2536	1221.546173
2080	2048	2532	1221.601257
2080	2040	2536	1221.611358
2056	2032	2544	1221.62152
2072	2032	2540	1221.6464839999999
2064	2036	2544	1221.651611
2072	2044	2532	1221.661621
2080	2040	2540	1221.671844
2068	2036	2540	1221.686859
2080	2064	2532	1221.696746
2060	2032	2540	1221.711822
2068	2040	2544	1221.716857
2072	2052	2532	1221.726928
2088	2056	2540	1221.731964
2080	2024	2540	1221.736999
2084	2060	2532	1221.762054
2088	2032	2544	1221.767181
2072	2044	2540	1221.782165
2076	2052	2532	1221.787811
2068	2024	2544	1221.802307
2068	2040	2540	1221.812286
2080	2048	2536	1221.817535
2080	2052	2536	1221.822479
2088	2036	2544	1221.827484
2072	2040	2540	1221.842437
2072	2056	2532	1221.847503
2084	2052	2536	1221.852691
2080	2036	2540	1221.857574
2092	2036	2540	1221.887756
2072	2028	2540	1221.922882
2076	2052	2536	1221.9429930000001
2088	2052	2540	1221.948242
2072	2040	2540	1221.968139
2064	2024	2540	1221.988281
2064	2028	2544	1222.0232839999999
2084	2028	2544	1222.043579
2064	2044	2544	1222.053802
2072	2036	2540	1222.058624
2084	2036	2544	1222.0736689999999
2060	2036	2540	1222.083648
2076	2060	2532	1222.098724
2076	2024	2540	1222.109008
2072	2036	2544	1222.118804
2076	2064	2536	1222.128936
2076	2020	2540	1222.138946
2068	2032	2544	1222.1490469999999
2068	2036	2536	1222.154052
2076	2068	2532	1222.1590879999999
2088	2056	2540	1222.164001
2068	2060	2532	1222.1893
2088	2060	2540	1222.194305
2068	2060	2532	1222.21936
2080	2060	2536	1222.224365
2060	2040	2540	1222.239624
2072	2068	2532	1222.314971
2072	2056	2536	1222.344818
2080	2040	2540	1222.350067
2076	2024	2544	1222.35501
2080	2040	2540	1222.380126
2076	2024	2540	1222.385131
2068	2036	2540	1222.390289
2068	2036	2540	1222.395385
2080	2052	2540	1222.410217
2068	2008	2540	1222.415283
2068	2044	2544	1222.425262
2080	2024	2540	1222.445495
2068	2044	2532	1222.465698
2064	2044	2544	1222.485626
2072	2036	2540	1222.49057
2076	2048	2536	1222.495666
2072	2064	2536	1222.500885
2084	2040	2544	1222.505676
2064	2036	2544	1222.515808
2072	2044	2536	1222.525787
2076	2044	2544	1222.53598
2068	2040	2540	1222.551055
2076	2068	2536	1222.5610649999999
2068	2040	2540	1222.57608
2080	2060	2544	1222.596343
2084	2024	2540	1222.631652
2064	2040	2544	1222.6413870000001
2072	2052	2532	1222.651367
2072	2060	2540	1222.656433
2072	2036	2536	1222.676635
2076	2032	2540	1222.69168
2072	2024	2536	1222.696777
2072	2036	2540	1222.706726
2072	2048	2532	1222.711883
2072	2040	2536	1222.741943
2080	2032	2548	1222.7520749999999
2072	2036	2544	1222.766998
2068	2036	2536	1222.772033
2080	2016	2540	1222.7871089999999
2064	2032	2536	1222.7923270000001
2076	2028	2536	1222.802185
2068	2024	2540	1222.822296
2072	2056	2536	1222.837402
2080	2020	2544	1222.847351
2076	2024	2540	1222.852508
2072	2036	2540	1222.862609
2076	2048	2536	1222.867492
2080	2028	2540	1222.877563
2068	2048	2536	1222.8876030000001
2072	2036	2540	1222.892761
2072	2040	2536	1222.897613
2076	2024	2540	1222.907592
2076	2020	2536	1222.912963
2068	2044	2540	1222.917877
2072	2040	2536	1222.927917
2068	2068	2536	1222.932861
2072	2040	2536	1222.958129
2080	2016	2540	1222.972991
2068	2044	2540	1222.983215
2072	2060	2536	1222.993347
2080	2016	2540	1223.003204
2068	2056	2532	1223.023437
2076	2012	2540	1223.033477
2064	2036	2536	1223.03836
2068	2052	2540	1223.073822
2064	2052	2536	1223.083801
2072	2024	2536	1223.098724
2072	2048	2532	1223.11383
2080	2028	2540	1223.123687
2072	2040	2540	1223.138763
2072	2044	2536	1223.143859
2080	2032	2544	1223.154144
2072	2020	2536	1223.158966
2076	2040	2544	1223.168914
2072	2048	2536	1223.174011
2080	2044	2544	1223.214172
2076	2040	2540	1223.234375
2068	2060	2536	1223.239349
2084	2020	2536	1223.249481
2068	2040	2540	1223.259399
2072	2056	2536	1223.269409
2068	2052	2540	1223.274658
2072	2032	2536	1223.284729
2072	2040	2536	1223.2946160000001
2072	2056	2540	1223.304626
2076	2020	2540	1223.309661
2072	2048	2540	1223.3198849999999
2072	2048	2540	1223.329803
2068	2060	2540	1223.334869
2080	2032	2540	1223.339874
2076	2040	2540	1223.35498
2060	2056	2540	1223.365081
2068	2044	2536	1223.385162
2064	2060	2536	1223.395172
2072	2044	2540	1223.400177
2072	2056	2536	1223.425262
2076	2008	2536	1223.435485
2076	2036	2536	1223.4403379999999
2072	2052	2540	1223.445465
2072	2036	2536	1223.4505
2072	2052	2540	1223.455444
2076	2036	2540	1223.480651
2068	2056	2540	1223.490539
2080	2024	2540	1223.495697
2072	2052	2536	1223.505554
2068	2036	2540	1223.54071
2068	2064	2536	1223.550842
2080	2020	2540	1223.561035
2068	2036	2544	1223.570861
2068	2036	2540	1223.57611
2072	2056	2540	1223.59616
2076	2052	2544	1223.6011349999999
2068	2064	2540	1223.611236
2076	2048	2544	1223.616302
2076	2008	2540	1223.621124
2072	2044	2540	1223.62619
2076	2032	2544	1223.636322
2068	2048	2540	1223.646453
2072	2040	2536	1223.656311
2068	2052	2540	1223.671386
2076	2016	2536	1223.68161
2080	2032	2536	1223.7170409999999
2072	2044	2540	1223.72174
2072	2036	2536	1223.726745
2072	2020	2540	1223.741912
2072	2048	2540	1223.761932
2068	2036	2544	1223.791992
2072	2036	2540	1223.8221429999999
2080	2040	2536	1223.832153
2072	2044	2536	1223.842407
2072	2044	2540	1223.84729
2072	2036	2540	1223.852386
2068	2044	2536	1223.862335
2072	2044	2536	1223.8725279999999
2072	2044	2536	1223.877593
2064	2056	2540	1223.917724
2068	2064	2540	1223.922668
2072	2032	2536	1223.9328
2068	2056	2536	1223.968048
2072	2044	2540	1223.97293
2072	2036	2540	1223.977935
2060	2056	2540	1223.983154
2072	2036	2536	1223.988037
2084	2020	2536	1223.992919
2064	2044	2540	1224.003204
2064	2048	2540	1224.013092
2068	2044	2540	1224.038421
2064	2032	2540	1224.048278
2080	2020	2536	1224.053314
2076	2044	2540	1224.058227
2072	2036	2540	1224.0685720000001
2064	2052	2544	1224.073364
2068	2036	2540	1224.07846
2068	2036	2544	1224.098602
2064	2048	2544	1224.103485
2068	2028	2540	1224.128662
2060	2044	2544	1224.13385
2068	2048	2536	1224.183898
2072	2040	2536	1224.188903
2072	2044	2544	1224.194
2076	2028	2532	1224.203918
2076	2040	2540	1224.214019
2068	2040	2536	1224.219085
2072	2028	2536	1224.23413
2068	2032	2536	1224.264526
2084	2024	2532	1224.269317
2080	2056	2532	1224.274353
2068	2036	2544	1224.284393
2072	2044	2536	1224.294525
2076	2048	2536	1224.304443
2076	2052	2540	1224.309509
2072	2024	2544	1224.314544
2056	2048	2544	1224.31961
2088	2024	2536	1224.329772
2072	2044	2536	1224.3396910000001
2076	2032	2544	1224.344696
2064	2044	2540	1224.354736
2080	2036	2540	1224.364959
2064	2052	2540	1224.414978
2072	2020	2536	1224.420043
2080	2032	2532	1224.425262
2084	2060	2540	1224.430084
2064	2052	2544	1224.445251
2080	2020	2536	1224.455261
2072	2040	2540	1224.5607909999999
2064	2040	2544	1224.565826
2060	2040	2540	1224.570831
2084	2040	2536	1224.58081
2076	2044	2544	1224.59082
2064	2040	2548	1224.596008
2084	2036	2536	1224.6109000000001
2068	2036	2540	1224.621154
2064	2040	2548	1224.625946
2072	2048	2532	1224.646179
2088	2036	2532	1224.671295
2068	2040	2536	1224.681457
2068	2044	2544	1224.691314
2092	2028	2536	1224.701446
2068	2040	2540	1224.711456
2080	2024	2532	1224.76181
2084	2040	2536	1224.766784
2068	2048	2536	1224.7867430000001
2088	2032	2532	1224.7919
2068	2036	2544	1224.842193
2080	2036	2532	1224.852081
2080	2048	2536	1224.8622129999999
2068	2032	2544	1224.872222
2072	2032	2536	1224.882507
2088	2032	2532	1224.887451
2068	2040	2540	1224.897399
2064	2036	2544	1224.902313
2064	2044	2540	1224.907379
2076	2048	2544	1224.92752
2064	2028	2544	1224.932495
2060	2040	2540	1224.93753
2076	2048	2532	1224.952728
2084	2052	2544	1224.957672
2072	2036	2544	1224.962738
2072	2040	2540	1224.972778
2076	2040	2536	1224.9826659999999
2056	2032	2544	1224.997772
2084	2036	2532	1225.008087
2084	2044	2532	1225.013092
2072	2036	2544	1225.023071
2064	2036	2536	1225.033142
2080	2028	2532	1225.038177
2060	2036	2544	1225.058105
2084	2036	2536	1225.068145
2084	2032	2536	1225.073211
2076	2048	2548	1225.083374
2060	2032	2548	1225.088348
2060	2036	2544	1225.093292
2076	2040	2536	1225.0983879999999
2084	2036	2536	1225.103332
2080	2044	2536	1225.108612
2072	2052	2540	1225.113342
2088	2040	2532	1225.133483
2072	2044	2540	1225.143707
2084	2044	2532	1225.163757
2084	2044	2536	1225.168731
2076	2040	2540	1225.173828
2068	2036	2536	1225.18869
2076	2040	2540	1225.203979
2060	2040	2544	1225.213897
2088	2032	2536	1225.223907
2080	2048	2540	1225.234008
2072	2036	2548	1225.239105
2064	2036	2540	1225.249145
2076	2044	2536	1225.2641899999999
2076	2044	2548	1225.269165
2084	2048	2536	1225.289245
2080	2032	2532	1225.314453
2088	2048	2536	1225.319366
2076	2044	2536	1225.324523
2076	2032	2540	1225.329589
2064	2044	2548	1225.334503
2084	2044	2536	1225.349548
2072	2036	2540	1225.359558
2064	2040	2548	1225.364715
2060	2044	2540	1225.369842
2076	2028	2532	1225.374694
2080	2052	2536	1225.384613
2064	2036	2548	1225.394836
2060	2036	2540	1225.39978
2084	2040	2532	1225.409881
2080	2048	2532	1225.414886
2076	2048	2536	1225.419799
2072	2040	2544	1225.424896
2056	2032	2544	1225.429901
2084	2044	2532	1225.439941
2084	2044	2536	1225.44519
2072	2040	2536	1225.449981
2060	2040	2544	1225.4601440000001
2084	2044	2532	1225.470367
2088	2048	2536	1225.475158
2060	2044	2548	1225.4902339999999
2064	2032	2540	1225.495269
2076	2044	2536	1225.510345
2064	2040	2548	1225.520355
2092	2040	2536	1225.565826
2068	2032	2532	1225.590698
2080	2048	2536	1225.696533
2060	2028	2548	1225.706298
2084	2036	2536	1225.721313
2060	2028	2544	1225.741363
2076	2048	2536	1225.746459
2076	2032	2536	1225.806793
2084	2044	2532	1225.811798
2080	2052	2536	1225.816802
2076	2040	2544	1225.821746
2064	2032	2544	1225.827026
2080	2040	2540	1225.851928
2072	2028	2540	1225.857269
2056	2044	2540	1225.8621210000001
2060	2044	2544	1225.892333
2080	2028	2532	1225.9021910000001
2080	2048	2532	1225.907165
2052	2036	2544	1225.922515
2076	2040	2548	1225.947448
2060	2032	2544	1225.952392
2060	2036	2540	1225.957611
2084	2040	2532	1225.962524
2072	2040	2536	1225.972564
2068	2032	2544	1225.982513
2060	2028	2540	1225.987945
2084	2036	2532	1225.992736
2088	2052	2536	1225.9977410000001
2076	2040	2536	1226.002624
2068	2040	2544	1226.007812
2080	2048	2532	1226.027862
2080	2044	2536	1226.032745
2060	2036	2540	1226.047943
2076	2036	2536	1226.0531
2080	2040	2536	1226.058197
2080	2044	2544	1226.0679930000001
2076	2036	2540	1226.082977
2076	2044	2536	1226.0932
2084	2052	2540	1226.098083
2076	2040	2548	1226.103149
2068	2036	2536	1226.113189
2076	2044	2552	1226.133453
2088	2048	2536	1226.148315
2088	2048	2536	1226.153503
2072	2044	2548	1226.163391
2076	2040	2544	1226.284149
2064	2036	2544	1226.289459
2064	2036	2544	1226.29425
2072	2036	2540	1226.299194
2084	2052	2536	1226.309143
2080	2044	2544	1226.314331
2064	2028	2544	1226.3193959999999
2060	2036	2548	1226.324249
2072	2036	2540	1226.3294369999999
2080	2040	2536	1226.3343810000001
2076	2052	2540	1226.339263
2076	2044	2544	1226.34439
2060	2036	2544	1226.3544
2072	2036	2540	1226.359344
2080	2044	2536	1226.369567
2072	2040	2544	1226.379608
2064	2036	2544	1226.384582
2080	2040	2532	1226.394561
2072	2036	2540	1226.4045409999999
2072	2040	2544	1226.409729
2064	2040	2548	1226.414825
2064	2024	2540	1226.419738
2080	2040	2540	1226.434753
2072	2036	2532	1226.454895
2080	2044	2540	1226.464935
2072	2036	2544	1226.469909
2076	2040	2532	1226.484985
2080	2052	2532	1226.490173
2076	2044	2536	1226.495056
2072	2040	2544	1226.500122
2080	2052	2528	1226.520141
2064	2032	2544	1226.540283
2084	2044	2532	1226.550323
2076	2044	2536	1226.555328
2064	2040	2544	1226.565399
2076	2032	2536	1226.575592
2080	2040	2532	1226.580566
2080	2052	2532	1226.585449
2084	2044	2544	1226.590637
2080	2044	2528	1226.610931
2080	2048	2536	1226.61557
2076	2040	2540	1226.620697
2072	2040	2544	1226.625701
2080	2044	2532	1226.640869
2080	2044	2540	1226.650909
2072	2036	2544	1226.655883
2060	2040	2544	1226.6608879999999
2076	2036	2532	1226.671051
2076	2044	2540	1226.680938
2076	2044	2528	1226.706176
2076	2036	2544	1226.716247
2060	2036	2544	1226.72116
2060	2032	2544	1226.756347
2068	2036	2548	1226.781494
2072	2028	2540	1226.791503
2084	2044	2532	1226.796447
2064	2036	2544	1226.811645
2072	2028	2536	1226.821685
2080	2052	2536	1227.012725
2076	2048	2536	1227.017639
2076	2036	2540	1227.0225209999999
2064	2040	2548	1227.027679
2076	2032	2536	1227.037536
2072	2040	2540	1227.052825
2068	2032	2544	1227.0578
2068	2036	2540	1227.067962
2080	2040	2536	1227.072845
2072	2048	2540	1227.082824
2080	2044	2536	1227.108032
2072	2040	2548	1227.118011
2064	2032	2548	1227.123107
2084	2044	2536	1227.1334219999999
2068	2036	2536	1227.143249
2068	2036	2548	1227.153137
2064	2028	2540	1227.158294
2080	2036	2536	1227.163421
2076	2044	2536	1227.173461
2068	2040	2548	1227.183319
2064	2036	2540	1227.188385
2084	2048	2532	1227.198608
2072	2036	2544	1227.208709
2064	2036	2540	1227.218627
2076	2052	2536	1227.23352
2064	2028	2548	1227.243682
2084	2044	2536	1227.259063
2084	2044	2532	1227.288879
2080	2048	2536	1227.294158
2068	2036	2540	1227.2989499999999
2068	2032	2544	1227.304016
2064	2040	2544	1227.30899
2084	2040	2532	1227.319183
2084	2056	2536	1227.324279
2072	2032	2536	1227.344146
2080	2036	2532	1227.349151
2076	2048	2540	1227.359344
2072	2048	2536	1227.389617
2076	2032	2552	1227.394348
2080	2036	2536	1227.409423
2072	2032	2548	1227.4247129999999
2072	2032	2548	1227.429565
2076	2036	2540	1227.4395749999999
2072	2040	2548	1227.455017
2068	2028	2548	1227.459716
2068	2036	2544	1227.464752
2072	2032	2540	1227.469757
2084	2044	2532	1227.474731
2068	2036	2540	1227.484832
2068	2032	2548	1227.48999
2076	2040	2536	1227.5
2060	2032	2544	1227.520141
2076	2044	2536	1227.595397
2080	2040	2532	1227.600463
2076	2044	2536	1227.605438
2068	2040	2548	1227.610504
2064	2024	2544	1227.615509
2064	2040	2544	1227.640563
2068	2032	2540	1227.650787
2076	2048	2536	1227.655883
2080	2044	2532	1227.660705
2068	2040	2544	1227.7008660000001
2064	2032	2544	1227.705932
2068	2036	2540	1227.710968
2072	2044	2536	1227.716125
2080	2040	2532	1227.7210989999999
2064	2044	2544	1227.730957
2072	2036	2544	1227.74121
2072	2040	2540	1227.791351
2072	2028	2544	1227.80133
2072	2048	2544	1227.821533
2056	2032	2540	1227.826507
2072	2044	2532	1227.841522
2076	2040	2532	1227.84671
2076	2048	2536	1227.881958
2064	2040	2544	1227.886779
2072	2040	2540	1227.897338
2076	2036	2532	1227.906921
2072	2048	2540	1227.912017
2072	2036	2540	1227.926879
2076	2052	2532	1227.931945
2068	2044	2544	1227.947174
2072	2032	2540	1227.957122
2072	2048	2536	1227.962219
2080	2036	2532	1227.967224
2060	2024	2544	1227.98236
2076	2044	2540	1227.992248
2076	2044	2532	1228.027496
2088	2044	2536	1228.032501
2072	2056	2544	1228.037445
2056	2024	2548	1228.042633
2068	2032	2540	1228.0476370000001
2080	2040	2532	1228.062652
2072	2048	2540	1228.067626
2056	2032	2540	1228.072631
2064	2016	2540	1228.077819
2080	2048	2532	1228.087677
2080	2032	2532	1228.092773
2076	2048	2536	1228.117919
2064	2024	2544	1228.138092
2076	2048	2536	1228.148071
2080	2044	2532	1228.152984
2068	2040	2544	1228.1631459999999
2080	2044	2532	1228.1784969999999
2080	2044	2524	1228.183258
2056	2028	2536	1228.198242
2076	2044	2532	1228.208831
2080	2044	2528	1228.213378
2068	2044	2540	1228.223632
2068	2036	2540	1228.233428
2080	2048	2536	1228.238586
2076	2040	2532	1228.243469
2084	2044	2536	1228.2485649999999
2072	2048	2544	1228.253601
2060	2032	2544	1228.258697
2076	2048	2532	1228.273742
2068	2044	2536	1228.283782
2060	2036	2544	1228.288726
2068	2024	2540	1228.293731
2076	2052	2532	1228.304016
2080	2044	2536	1228.308807
2076	2036	2540	1228.3288870000001
2080	2048	2532	1228.339172
2080	2040	2540	1228.344055
2064	2036	2544	1228.353973
2080	2040	2532	1228.363952
2056	2024	2540	1228.384185
2080	2044	2540	1228.389251
2076	2040	2528	1228.3992
2080	2048	2536	1228.404357
2056	2024	2536	1228.414215
2064	2036	2540	1228.439422
2068	2032	2540	1228.449462
2080	2048	2532	1228.454498
2076	2040	2540	1228.514801
2080	2048	2532	1228.519805
2076	2044	2536	1228.524749
2064	2032	2548	1228.535034
2060	2024	2540	1228.539978
2064	2024	2540	1228.570037
2088	2056	2536	1228.580169
2080	2036	2532	1228.5851440000001
2072	2036	2536	1228.665679
2076	2040	2528	1228.675537
2072	2036	2544	1228.685546
2060	2020	2544	1228.690521
2088	2048	2536	1228.700775
2072	2044	2536	1228.710723
2060	2028	2544	1228.720672
2068	2032	2540	1228.725738
2080	2044	2540	1228.730987
2076	2052	2532	1228.741027
2072	2036	2544	1228.7459410000001
2060	2016	2544	1228.750854
2080	2048	2532	1228.771087
2080	2044	2544	1228.776
2064	2016	2548	1228.781127
2084	2060	2540	1228.791076
2072	2036	2532	1228.801116
2072	2052	2548	1228.806152
2068	2028	2548	1228.811279
2080	2036	2532	1228.831268
2072	2044	2540	1228.836242
2064	2024	2540	1228.846313
2072	2044	2536	1228.851318
2080	2044	2528	1228.861938
2064	2028	2544	1228.871551
2076	2048	2536	1228.881469
2080	2044	2536	1228.8865660000001
2076	2052	2536	1228.896575
2064	2036	2544	1228.901733
2068	2044	2540	1228.911682
2080	2032	2532	1228.9219659999999
2076	2048	2536	1228.926727
2064	2012	2544	1228.936798
2076	2060	2536	1228.946807
2088	2040	2536	1228.951904
2064	2020	2548	1228.966918
2068	2028	2544	1228.971984
2084	2044	2536	1228.982177
2076	2048	2540	1229.00711
2080	2044	2536	1229.01712
2072	2036	2544	1229.022552
2060	2024	2548	1229.027221
2064	2020	2540	1229.032257
2076	2044	2540	1229.067474
2072	2040	2540	1229.08258
2088	2052	2536	1229.102691
2072	2040	2544	1229.11264
2060	2024	2544	1229.122589
2088	2052	2536	1229.132843
2084	2044	2532	1229.137695
2064	2032	2544	1229.1479180000001
2064	2024	2544	1229.152954
2072	2032	2540	1229.157745
2088	2052	2532	1229.167877
2076	2044	2540	1229.172851
2080	2060	2532	1229.198059
2064	2028	2544	1229.208129
2076	2032	2544	1229.218231
2084	2048	2532	1229.22821
2068	2032	2548	1229.238128
2088	2048	2536	1229.288391
2064	2020	2544	1229.338653
2092	2064	2536	1229.348907
2068	2044	2536	1229.358795
2064	2020	2540	1229.368743
2072	2040	2540	1229.373992
2080	2052	2536	1229.379028
2088	2056	2540	1229.409027
2072	2044	2536	1229.419158
2072	2044	2536	1229.449127
2064	2024	2544	1229.464355
2076	2052	2540	1229.46936
2064	2040	2548	1229.484405
2060	2024	2548	1229.48944
2084	2052	2532	1229.504852
2060	2012	2536	1229.554779
2088	2052	2536	1229.564819
2092	2064	2540	1229.594848
2084	2040	2540	1229.599914
2064	2040	2540	1229.620056
2088	2044	2532	1229.6300959999999
2064	2040	2544	1229.640258
2088	2040	2536	1229.660156
2068	2040	2544	1229.670349
2096	2044	2536	1229.690307
2068	2044	2540	1229.700408
2076	2056	2536	1229.7155149999999
2076	2036	2536	1229.725524
2092	2052	2536	1229.750701
2068	2028	2540	1229.770874
2072	2044	2536	1229.775726
2064	2044	2544	1229.790924
2064	2024	2544	1229.795989
2068	2044	2536	1229.80606
2064	2016	2540	1229.831085
2068	2048	2536	1229.836212
2084	2052	2536	1229.841033
2088	2048	2532	1229.84616
2072	2048	2540	1229.8510430000001
2064	2020	2544	1229.861206
2072	2016	2544	1229.891296
2096	2052	2532	1229.906494
2076	2024	2544	1229.921417
2072	2048	2536	1229.931549
2088	2056	2536	1229.9368279999999
2072	2044	2540	1229.941558
2056	2032	2544	1229.946716
2068	2016	2544	1229.951568
2072	2052	2536	1229.961608
2076	2044	2532	1229.971832
2064	2016	2540	1229.9817189999999
2064	2020	2536	1229.986846
2088	2056	2536	1229.996887
2080	2044	2536	1230.001953
2064	2040	2544	1230.0068959999999
2064	2020	2540	1230.016845
2068	2044	2540	1230.021972
2084	2044	2540	1230.032196
2060	2028	2548	1230.0420530000001
2072	2040	2540	1230.052062
2084	2048	2536	1230.062164
2064	2024	2548	1230.072509
2072	2040	2540	1230.082214
2080	2060	2540	1230.087341
2072	2036	2540	1230.097442
2068	2036	2548	1230.102325
2084	2048	2536	1230.122406
2076	2056	2536	1230.147857
2088	2060	2536	1230.152801
2072	2032	2540	1230.1575619999999
2068	2028	2548	1230.167694
2084	2060	2536	1230.182708
2060	2028	2544	1230.193054
2064	2020	2544	1230.1979059999999
2080	2056	2536	1230.212799
2076	2044	2540	1230.217987
2064	2032	2544	1230.222808
2072	2024	2536	1230.233001
2076	2052	2536	1230.238006
2080	2044	2536	1230.248107
2084	2056	2536	1230.273101
2084	2048	2540	1230.278167
2060	2040	2544	1230.283203
2064	2024	2544	1230.2881459999999
2076	2024	2544	1230.293334
2068	2040	2536	1230.298248
2080	2056	2536	1230.303283
2068	2044	2540	1230.313446
2056	2020	2544	1230.318298
2076	2044	2540	1230.328521
2072	2056	2536	1230.333465
2088	2048	2540	1230.338409
2060	2028	2544	1230.348602
2068	2016	2544	1230.353485
2076	2036	2540	1230.358673
2072	2044	2544	1230.373535
2060	2036	2544	1230.378692
2076	2032	2540	1230.388977
2084	2052	2540	1230.398773
2060	2036	2544	1230.408782
2068	2020	2544	1230.413787
2068	2028	2540	1230.418792
2080	2060	2536	1230.429046
2076	2040	2540	1230.433898
2072	2020	2540	1230.448913
2084	2064	2540	1230.459136
2060	2032	2544	1230.469116
2084	2056	2540	1230.494262
2072	2040	2540	1230.514282
2072	2024	2544	1230.539398
2072	2040	2540	1230.5444029999999
2084	2052	2536	1230.554626
2068	2048	2540	1230.559539
2068	2040	2540	1230.5899650000001
2068	2036	2540	1230.604675
2092	2052	2540	1230.614654
2072	2040	2540	1230.619934
2068	2020	2544	1230.690155
2080	2052	2536	1230.705169
2076	2016	2544	1230.815826
2072	2060	2532	1230.825775
2076	2036	2540	1230.835876
2056	2032	2540	1230.840759
2072	2016	2544	1230.845947
2076	2064	2532	1230.855865
2084	2052	2540	1230.860961
2076	2028	2540	1230.866027
2060	2040	2540	1230.871032
2072	2028	2544	1230.876037
2080	2020	2540	1230.881225
2080	2032	2540	1230.8961180000001
2080	2068	2536	1230.9212029999999
2072	2060	2536	1230.951477
2064	2036	2540	1230.961395
2076	2020	2544	1230.971405
2076	2064	2536	1230.981597
2084	2044	2540	1230.98648
2060	2036	2540	1230.996643
2080	2020	2548	1231.001556
2076	2068	2532	1231.0118400000001
2064	2032	2540	1231.021759
2060	2032	2532	1231.087036
2080	2036	2544	1231.112243
2084	2024	2544	1231.127197
2084	2036	2544	1231.142456
2068	2032	2540	1231.152435
2072	2064	2536	1231.167358
2060	2024	2540	1231.1773680000001
2084	2032	2544	1231.187469
2068	2056	2532	1231.197509
2072	2036	2544	1231.207702
2072	2056	2532	1231.22763
2076	2036	2544	1231.237976
2056	2028	2536	1231.242645
2080	2036	2540	1231.252777
2084	2048	2540	1231.262786
2056	2028	2540	1231.273162
2092	2040	2544	1231.282958
2068	2060	2532	1231.288055
2080	2060	2540	1231.292938
2072	2032	2544	1231.307922
2088	2036	2540	1231.313201
2072	2052	2536	1231.32315
2060	2040	2536	1231.3332209999999
2080	2028	2544	1231.34317
2072	2040	2540	1231.358306
2064	2028	2540	1231.368499
2080	2024	2544	1231.3732909999999
2076	2060	2536	1231.383453
2080	2040	2544	1231.388427
2068	2032	2536	1231.398651
2080	2024	2544	1231.403656
2072	2048	2532	1231.408477
2088	2036	2544	1231.418579
2056	2040	2536	1231.428649
2092	2024	2544	1231.434173
2072	2032	2540	1231.453735
2056	2032	2536	1231.458801
2088	2036	2536	1231.468994
2064	2056	2532	1231.473907
2076	2040	2540	1231.483856
2056	2040	2536	1231.48883
2084	2036	2540	1231.499206
2072	2032	2544	1231.5141899999999
2080	2032	2536	1231.529205
2072	2060	2532	1231.534271
2076	2032	2544	1231.544281
2056	2032	2536	1231.549163
2072	2028	2540	1231.5542599999999
2088	2028	2540	1231.559356
2072	2056	2532	1231.564422
2076	2040	2548	1231.574371
2072	2044	2536	1231.594604
2060	2028	2544	1231.609497
2068	2036	2540	1231.614532
2088	2040	2544	1231.619537
2076	2036	2540	1231.624694
2080	2056	2544	1231.634674
2068	2032	2540	1231.669799
2068	2028	2536	1231.6749869999999
2068	2028	2544	1231.699829
2068	2052	2532	1231.7200619999999
2052	2028	2536	1231.7351370000001
2072	2036	2548	1231.790557
2068	2028	2540	1231.800506
2084	2024	2544	1231.80548
2072	2044	2536	1231.810424
2080	2032	2548	1231.820526
2068	2036	2536	1231.830657
2072	2044	2532	1231.840698
2072	2060	2532	1231.845581
2064	2020	2540	1231.855804
2064	2036	2536	1231.860626
2088	2040	2540	1231.870758
2072	2032	2544	1231.885894
2064	2032	2536	1231.891021
2084	2036	2544	1231.895904
2068	2036	2544	1231.916137
2068	2028	2536	1231.921112
2072	2056	2536	1231.936096
2064	2036	2536	1231.95111
2064	2028	2544	1231.976257
2072	2048	2536	1231.99649
2072	2032	2544	1232.006378
2056	2028	2536	1232.011413
2088	2032	2540	1232.021606
2068	2060	2540	1232.031585
2068	2036	2540	1232.04663
2080	2044	2536	1232.05661
2068	2028	2540	1232.077239
2076	2044	2536	1232.086975
2072	2040	2544	1232.096923
2080	2044	2540	1232.117187
2072	2036	2544	1232.127014
2068	2036	2540	1232.131988
2064	2036	2540	1232.137176
2084	2024	2540	1232.14212
2076	2040	2536	1232.147033
2072	2060	2536	1232.152221
2068	2028	2544	1232.1622
2080	2036	2540	1232.17218
2080	2032	2540	1232.177246
2068	2060	2536	1232.182403
2068	2048	2536	1232.21762
2064	2044	2540	1232.24768
2068	2036	2536	1232.25769
2084	2032	2540	1232.267639
2068	2048	2540	1232.27774
2076	2040	2536	1232.292785
2068	2052	2540	1232.368225
2064	2036	2544	1232.378326
2080	2028	2536	1232.388275
2072	2052	2536	1232.398376
2072	2032	2544	1232.408264
2084	2036	2536	1232.418365
2072	2048	2540	1232.433502
2072	2032	2536	1232.448638
2064	2048	2536	1232.463592
2080	2028	2544	1232.468627
2092	2028	2540	1232.483734
2076	2052	2536	1232.488708
2072	2028	2544	1232.49884
2076	2052	2536	1232.508941
2088	2032	2540	1232.5139159999999
2072	2036	2536	1232.518981
2068	2060	2540	1232.523834
2076	2036	2544	1232.5289
2060	2028	2540	1232.533905
2072	2044	2536	1232.53897
2080	2036	2540	1232.549072
2060	2048	2540	1232.553955
2080	2044	2548	1232.559112
2064	2032	2536	1232.569091
2084	2040	2540	1232.579193
2068	2048	2540	1232.584167
2068	2040	2544	1232.589111
2084	2040	2540	1232.604278
2080	2036	2536	1232.609405
2068	2052	2536	1232.614349
2072	2040	2544	1232.619262
2068	2040	2536	1232.629425
2068	2044	2536	1232.644531
2084	2040	2536	1232.66452
2088	2036	2544	1232.669555
2068	2040	2544	1232.679779
2088	2036	2540	1232.699676
2072	2040	2536	1232.7200619999999
2084	2032	2540	1232.7299189999999
2068	2048	2540	1232.740081
2064	2040	2540	1232.749938
2088	2036	2540	1232.760101
2068	2032	2540	1232.775024
2080	2028	2540	1232.7951659999999
2072	2032	2532	1232.845397
2076	2036	2536	1232.850463
2068	2052	2540	1232.860412
2064	2036	2540	1232.870666
2080	2036	2536	1232.880615
2064	2044	2544	1232.925781
2068	2044	2536	1232.935913
2092	2036	2544	1232.945831
2080	2048	2544	1232.950988
2064	2036	2544	1232.9558710000001
2068	2044	2540	1232.986083
2068	2044	2540	1232.996154
2084	2032	2536	1233.006225
2068	2044	2540	1233.016174
2068	2028	2544	1233.02124
2072	2040	2536	1233.031433
2084	2036	2536	1233.036315
2068	2040	2544	1233.046386
2064	2032	2544	1233.051391
2068	2044	2544	1233.056335
2068	2040	2540	1233.061523
2084	2044	2540	1233.071441
2072	2044	2536	1233.0914910000001
2064	2032	2540	1233.116699
2068	2040	2536	1233.121734
2080	2040	2532	1233.126861
2088	2044	2540	1233.1320190000001
2064	2032	2540	1233.141815
2068	2044	2536	1233.151824
2084	2040	2540	1233.1621089999999
2076	2044	2540	1233.167022
2068	2032	2540	1233.17694
2068	2048	2536	1233.182006
2080	2040	2536	1233.18692
2084	2032	2540	1233.192016
2076	2048	2540	1233.197265
2064	2044	2540	1233.20227
2072	2032	2544	1233.207183
2076	2044	2536	1233.217071
2084	2032	2536	1233.222198
2072	2040	2540	1233.227294
2088	2044	2536	1233.252258
2064	2036	2540	1233.262573
2068	2040	2540	1233.272491
2072	2036	2536	1233.2774650000001
2080	2040	2536	1233.282531
2080	2044	2544	1233.287536
2072	2032	2544	1233.292755
2064	2032	2540	1233.297515
2068	2048	2544	1233.30252
2084	2036	2536	1233.312774
2080	2044	2544	1233.317535
2064	2040	2544	1233.332702
2064	2036	2540	1233.423339
2068	2048	2536	1233.4281
2076	2044	2532	1233.433227
2076	2044	2540	1233.443267
2060	2036	2540	1233.453308
2076	2044	2536	1233.463226
2080	2036	2532	1233.468414
2072	2044	2540	1233.4733879999999
2068	2040	2544	1233.478363
2076	2048	2540	1233.493469
2080	2040	2536	1233.498535
2064	2040	2548	1233.508483
2072	2044	2536	1233.5236810000001
2076	2040	2540	1233.533782
2072	2048	2532	1233.554016
2080	2040	2536	1233.563964
2084	2044	2536	1233.593963
2068	2040	2540	1233.59906
2072	2044	2536	1233.614135
2080	2044	2532	1233.624084
2076	2040	2540	1233.62915
2064	2028	2540	1233.639099
2076	2044	2532	1233.649475
2064	2028	2544	1233.664428
2068	2032	2540	1233.669281
2080	2040	2536	1233.684661
2072	2056	2540	1233.7044369999999
2076	2040	2532	1233.714721
2072	2048	2536	1233.734619
2076	2052	2540	1233.739593
2080	2036	2540	1233.74475
2072	2044	2544	1233.754669
2068	2028	2544	1233.759765
2068	2040	2536	1233.764923
2076	2052	2532	1233.769775
2064	2036	2536	1233.789916
2072	2040	2532	1233.799926
2080	2044	2540	1233.810058
2072	2036	2540	1233.815185
2076	2036	2536	1233.835052
2068	2036	2544	1233.845397
2060	2036	2540	1233.855255
2072	2032	2540	1233.885589
2064	2048	2536	1233.890411
2088	2044	2536	1233.90036
2068	2036	2540	1233.915435
2076	2048	2540	1233.935638
2080	2048	2544	1233.965911
2072	2028	2544	1233.970916
2072	2048	2536	1233.98587
2084	2036	2532	1233.990844
2076	2052	2540	1233.995819
2064	2032	2544	1234.000885
2068	2024	2540	1234.006347
2072	2044	2536	1234.016052
2076	2044	2532	1234.021087
2084	2056	2540	1234.0260309999999
2064	2020	2540	1234.036254
2068	2052	2536	1234.041259
2064	2044	2540	1234.0713190000001
2076	2056	2540	1234.0764159999999
2076	2048	2540	1234.086456
2072	2020	2544	1234.096343
2064	2044	2540	1234.10144
2064	2048	2536	1234.106567
2076	2044	2536	1234.1166680000001
2068	2048	2540	1234.121398
2068	2060	2540	1234.136688
2080	2048	2536	1234.146789
2080	2048	2536	1234.171905
2076	2044	2536	1234.201934
2080	2036	2540	1234.207122
2072	2048	2540	1234.212005
2072	2028	2548	1234.216979
2080	2036	2536	1234.2372129999999
2072	2044	2540	1234.242004
2072	2016	2540	1234.252105
2064	2040	2536	1234.257263
2072	2052	2536	1234.262176
2076	2048	2540	1234.272369
2064	2032	2548	1234.277252
2068	2020	2544	1234.282257
2080	2044	2540	1234.297332
2068	2032	2540	1234.347595
2064	2020	2540	1234.372772
2072	2056	2536	1234.38269
2072	2048	2532	1234.387756
2080	2036	2536	1234.392791
2068	2024	2544	1234.403106
2072	2052	2536	1234.417846
2072	2036	2532	1234.422912
2068	2032	2544	1234.433074
2064	2012	2540	1234.438049
2072	2052	2540	1234.443054
2080	2040	2536	1234.453125
2072	2028	2548	1234.4631650000001
2072	2048	2536	1234.473144
2080	2044	2540	1234.488433
2068	2036	2544	1234.493225
2076	2032	2536	1234.513305
2076	2052	2536	1234.5183710000001
2068	2008	2540	1234.528533
2072	2060	2536	1234.538482
2076	2044	2536	1234.548675
2072	2012	2540	1234.558746
2072	2036	2536	1234.563751
2068	2060	2536	1234.568725
2080	2040	2536	1234.573699
2080	2040	2540	1234.578704
2072	2012	2544	1234.588714
2068	2028	2536	1234.59375
2068	2056	2540	1234.629211
2076	2040	2532	1234.6692189999999
2068	2024	2544	1234.6791680000001
2072	2052	2540	1234.689239
2072	2052	2536	1234.6945190000001
2064	2016	2540	1234.714355
2068	2036	2544	1234.73941
2076	2036	2536	1234.779693
2072	2048	2544	1234.829833
2072	2016	2544	1234.834899
2072	2024	2544	1234.865051
2068	2056	2540	1234.875061
2068	2052	2536	1234.880126
2064	2020	2544	1234.8952629999999
2068	2016	2540	1234.93048
2080	2036	2536	1234.945404
2068	2036	2540	1234.955566
2080	2020	2540	1234.960723
2072	2036	2536	1234.965423
2072	2056	2532	1234.970611
2072	2044	2540	1234.980529
2064	2032	2540	1234.98587
2076	2040	2536	1234.995666
2076	2048	2540	1235.010833
2072	2008	2540	1235.020904
2072	2040	2540	1235.025817
2064	2060	2536	1235.030792
2072	2044	2536	1235.035797
2068	2044	2540	1235.0458370000001
2068	2028	2540	1235.056182
2068	2020	2544	1235.080993
2076	2028	2540	1235.0861810000001
2072	2048	2536	1235.09616
2076	2044	2544	1235.101165
2068	2020	2544	1235.111145
2076	2020	2544	1235.116241
2076	2040	2540	1235.131469
2068	2044	2544	1235.136352
2068	2024	2544	1235.1413870000001
2072	2016	2540	1235.1765129999999
2076	2048	2536	1235.18164
2068	2040	2540	1235.201599
2076	2040	2540	1235.211883
2072	2044	2536	1235.221771
2076	2048	2544	1235.226684
2072	2060	2540	1235.246948
2072	2048	2540	1235.256988
2072	2036	2548	1235.261932
2064	2008	2536	1235.266967
2068	2048	2532	1235.282135
2072	2044	2540	1235.287078
2068	2040	2540	1235.292449
2072	2016	2540	1235.297302
2068	2028	2532	1235.302154
2076	2044	2536	1235.312316
2068	2044	2544	1235.322265
2076	2024	2536	1235.3323970000001
2068	2052	2536	1235.337249
2072	2040	2540	1235.377655
2068	2020	2544	1235.387481
2068	2056	2536	1235.402557
2072	2064	2536	1235.432769
2072	2016	2540	1235.483184
2080	2032	2540	1235.488006
2068	2040	2540	1235.508209
2076	2020	2544	1235.5131529999999
2076	2044	2544	1235.533264
2068	2048	2540	1235.593536
2064	2044	2536	1235.598449
2072	2016	2536	1235.608764
2072	2048	2532	1235.613677
2068	2044	2540	1235.628601
2072	2028	2540	1235.633697
2076	2024	2536	1235.638824
2072	2036	2536	1235.6437369999999
2068	2064	2532	1235.648895
2076	2052	2540	1235.65393
2072	2044	2540	1235.68399
2068	2016	2540	1235.699096
2068	2060	2536	1235.7089839999999
2068	2048	2540	1235.714233
2068	2040	2544	1235.719085
2068	2044	2540	1235.724151
2076	2024	2540	1235.729095
2072	2040	2540	1235.749267
2064	2036	2540	1235.754333
2076	2024	2532	1235.759246
2080	2028	2536	1235.764434
2072	2056	2536	1235.7744440000001
2064	2044	2540	1235.784454
2072	2060	2536	1235.79956
2068	2056	2536	1235.804748
2076	2040	2536	1235.8598630000001
2072	2048	2536	1235.869995
2068	2024	2540	1235.879882
2076	2020	2532	1235.884918
2080	2044	2536	1235.889862
2068	2040	2536	1235.905029
2068	2036	2536	1235.910064
2072	2036	2540	1235.9702750000001
2076	2024	2540	1235.975555
2072	2052	2536	1235.985382
2068	2040	2544	1235.995574
2064	2036	2536	1236.0004880000001
2080	2028	2540	1236.005554
2080	2028	2536	1236.010528
2072	2052	2544	1236.020568
2068	2040	2536	1236.055847
2072	2024	2536	1236.065734
2072	2048	2536	1236.075927
2064	2052	2540	1236.080841
2064	2040	2540	1236.085937
2064	2044	2536	1236.090972
2076	2012	2536	1236.101013
2068	2044	2544	1236.116027
2064	2064	2536	1236.141296
2064	2040	2544	1236.151184
2068	2036	2540	1236.15628
2076	2040	2536	1236.166229
2068	2040	2544	1236.181335
2080	2024	2540	1236.191558
2064	2056	2544	1236.236663
2080	2028	2540	1236.257049
2064	2044	2544	1236.27182
2068	2036	2540	1236.2767939999999
2072	2032	2536	1236.281829
2080	2028	2532	1236.286895
2068	2056	2540	1236.297027
2068	2040	2540	1236.3069150000001
2080	2020	2532	1236.317077
2072	2056	2536	1236.326995
2068	2060	2536	1236.35736
2072	2028	2536	1236.372253
2084	2032	2536	1236.37741
2084	2032	2536	1236.407409
2056	2036	2544	1236.427612
2068	2036	2536	1236.432617
2076	2032	2536	1236.442596
2068	2052	2548	1236.452789
2060	2044	2544	1236.457916
2092	2036	2540	1236.467834
2084	2036	2540	1236.472717
2064	2032	2540	1236.492858
2084	2024	2540	1236.498046
2072	2044	2532	1236.538177
2064	2040	2540	1236.553283
2084	2032	2536	1236.563232
2076	2044	2536	1236.568237
2068	2044	2540	1236.573242
2064	2052	2544	1236.578643
2064	2048	2544	1236.5836180000001
2084	2028	2536	1236.593383
2068	2048	2536	1236.603576
2060	2044	2540	1236.613433
2076	2028	2532	1236.6235649999999
2080	2040	2536	1236.62857
2076	2048	2536	1236.633514
2064	2052	2540	1236.63861
2076	2032	2540	1236.648834
2080	2028	2532	1236.653747
2072	2032	2540	1236.739227
2060	2044	2544	1236.76416
2068	2032	2544	1236.769226
2068	2052	2544	1236.789367
2084	2040	2536	1236.804382
2080	2040	2536	1236.814697
2068	2052	2540	1236.81958
2060	2044	2544	1236.824798
2060	2036	2540	1236.829498
2092	2036	2536	1236.839508
2076	2032	2536	1236.844696
2072	2048	2540	1236.849731
2060	2032	2540	1236.85971
2088	2036	2532	1236.86972
2084	2040	2532	1236.874755
2060	2048	2544	1236.884735
2072	2032	2536	1236.8948970000001
2084	2036	2532	1236.904907
2072	2036	2540	1236.910034
2072	2032	2536	1236.924865
2088	2044	2536	1236.9350279999999
2084	2036	2536	1236.965209
2068	2044	2536	1236.970153
2064	2048	2544	1236.975402
2064	2036	2540	1236.985382
2084	2036	2532	1236.9902339999999
2064	2044	2544	1237.010528
2092	2036	2532	1237.025512
2080	2040	2536	1237.030517
2060	2040	2544	1237.040832
2064	2040	2540	1237.045562
2080	2040	2536	1237.06076
2072	2052	2544	1237.065673
2060	2036	2548	1237.070648
2092	2032	2536	1237.085662
2056	2032	2544	1237.106079
2060	2036	2544	1237.135894
2088	2032	2532	1237.176116
2072	2040	2536	1237.186431
2068	2048	2544	1237.191345
2068	2040	2536	1237.201385
2072	2044	2532	1237.2164
2072	2048	2548	1237.22174
2088	2036	2536	1237.241577
2072	2036	2536	1237.24652
2076	2048	2544	1237.251678
2076	2036	2536	1237.276672
2064	2044	2544	1237.281646
2060	2048	2548	1237.286712
2092	2040	2532	1237.302032
2080	2048	2536	1237.306884
2064	2044	2544	1237.3118279999999
2056	2040	2540	1237.322113
2072	2044	2540	1237.342102
2060	2036	2544	1237.347076
2072	2044	2532	1237.357055
2084	2032	2532	1237.367218
2064	2040	2548	1237.377136
2064	2040	2532	1237.387268
2060	2036	2536	1237.417358
2088	2040	2532	1237.422485
2092	2040	2536	1237.4273680000001
2060	2040	2536	1237.432586
2060	2040	2544	1237.442443
2060	2040	2536	1237.447479
2084	2036	2528	1237.452575
2072	2044	2536	1237.462677
2092	2028	2532	1237.48767
2068	2044	2544	1237.497863
2060	2032	2544	1237.537963
2096	2040	2536	1237.548065
2080	2036	2536	1237.55307
2064	2040	2548	1237.563201
2072	2040	2536	1237.573089
2092	2044	2532	1237.578125
2092	2036	2532	1237.583282
2068	2040	2540	1237.588226
2064	2036	2544	1237.5983879999999
2072	2048	2536	1237.60321
2088	2036	2532	1237.6083370000001
2068	2044	2540	1237.618316
2056	2036	2544	1237.62857
2072	2044	2536	1237.633453
2088	2036	2536	1237.638366
2088	2032	2532	1237.6434629999999
2072	2048	2540	1237.648468
2064	2040	2548	1237.653472
2056	2028	2544	1237.658752
2092	2044	2532	1237.6686399999999
2064	2044	2548	1237.683624
2060	2040	2532	1237.693878
2092	2048	2532	1237.698699
2056	2036	2544	1237.71875
2056	2040	2536	1237.72406
2084	2044	2532	1237.728912
2096	2040	2532	1237.733886
2076	2040	2540	1237.738952
2064	2044	2548	1237.749023
2100	2040	2536	1237.764038
2080	2044	2532	1237.769012
2068	2040	2544	1237.774108
2060	2040	2548	1237.779144
2060	2036	2540	1237.784179
2076	2044	2532	1237.789367
2096	2040	2532	1237.824645
2060	2040	2540	1237.864837
2060	2040	2532	1237.879577
2096	2040	2536	1237.8899529999999
2068	2036	2540	1237.894714
2064	2036	2548	1237.899749
2064	2040	2536	1237.9097590000001
2092	2044	2532	1237.914794
2076	2044	2540	1237.924896
2064	2036	2548	1237.929809
2068	2040	2540	1237.95523
2056	2036	2548	1237.965057
2076	2032	2536	1237.985443
2060	2028	2536	1238.000183
2076	2044	2528	1238.005279
2084	2032	2532	1238.015289
2060	2040	2544	1238.02536
2088	2048	2532	1238.040344
2072	2040	2544	1238.050628
2092	2052	2532	1238.070648
2088	2036	2536	1238.0755
2072	2040	2540	1238.080657
2056	2032	2544	1238.090576
2096	2056	2532	1238.100738
2060	2044	2544	1238.116027
2064	2036	2532	1238.125823
2096	2040	2536	1238.135833
2068	2036	2540	1238.140991
2060	2048	2548	1238.146179
2064	2032	2536	1238.155944
2088	2052	2532	1238.16098
2096	2040	2532	1238.166046
2064	2032	2532	1238.186157
2100	2044	2536	1238.196166
2064	2040	2540	1238.26654
2064	2036	2552	1238.271575
2056	2028	2544	1238.276672
2072	2044	2528	1238.281707
2064	2036	2540	1238.296661
2060	2036	2544	1238.306854
2064	2032	2540	1238.326782
2060	2032	2548	1238.336822
2068	2044	2532	1238.341949
2092	2056	2532	1238.347137
2092	2040	2536	1238.35205
2072	2036	2540	1238.357055
2064	2040	2552	1238.361907
2068	2044	2532	1238.372192
2092	2044	2536	1238.3818959999999
2072	2032	2536	1238.387176
2064	2040	2532	1238.40213
2084	2056	2532	1238.437377
2080	2028	2536	1238.447235
2064	2036	2544	1238.452392
2060	2028	2536	1238.462371
2080	2052	2532	1238.46762
2064	2032	2548	1238.482543
2096	2052	2532	1238.502655
2060	2032	2552	1238.517761
2072	2048	2532	1238.527709
2088	2044	2536	1238.537994
2064	2024	2552	1238.547973
2072	2048	2532	1238.557891
2092	2048	2536	1238.562896
2088	2040	2536	1238.5679930000001
2056	2028	2548	1238.583007
2064	2044	2532	1238.588134
2092	2056	2532	1238.593109
2084	2052	2532	1238.623199
2076	2032	2540	1238.633331
2056	2036	2548	1238.638427
2064	2036	2540	1238.648345
2076	2056	2532	1238.653411
2100	2044	2532	1238.658355
2088	2040	2540	1238.663452
2060	2036	2548	1238.668579
2064	2040	2540	1238.678558
2080	2052	2532	1238.683532
2060	2028	2548	1238.703735
2060	2036	2540	1238.70877
2076	2052	2532	1238.713806
2096	2048	2532	1238.718658
2092	2044	2532	1238.749023
2068	2036	2548	1238.758911
2088	2044	2536	1238.783966
2068	2056	2532	1238.804046
2088	2044	2532	1238.809143
2052	2024	2540	1238.829315
2092	2048	2532	1238.8392939999999
2072	2044	2536	1238.849273
2068	2024	2548	1238.854309
2056	2024	2544	1238.859436
2092	2040	2532	1238.874633
2080	2052	2536	1238.899688
2080	2044	2540	1238.9097590000001
2060	2020	2548	1238.919647
2060	2052	2540	1238.924682
2080	2056	2532	1238.929901
2096	2044	2532	1238.934814
2088	2044	2536	1238.939758
2064	2036	2544	1238.944763
2068	2024	2548	1238.950012
2056	2040	2536	1238.954864
2072	2052	2532	1238.959869
2092	2040	2532	1238.965209
2060	2036	2544	1238.974914
2056	2020	2544	1238.979858
2064	2032	2540	1238.984954
2068	2060	2536	1239.050292
2092	2040	2536	1239.060607
2060	2024	2548	1239.075408
2060	2052	2536	1239.080413
2072	2048	2544	1239.095794
2060	2028	2548	1239.10556
2060	2052	2540	1239.110656
2076	2052	2532	1239.115661
2092	2044	2536	1239.120635
2076	2044	2540	1239.125823
2056	2028	2548	1239.130798
2092	2044	2536	1239.151123
2060	2020	2548	1239.1658929999999
2072	2060	2528	1239.175903
2092	2052	2532	1239.21109
2060	2032	2544	1239.221069
2068	2040	2544	1239.231262
2084	2052	2528	1239.2413940000001
2092	2044	2544	1239.246337
2064	2032	2544	1239.261444
2068	2032	2544	1239.281433
2060	2028	2548	1239.286346
2068	2024	2548	1239.291595
2080	2056	2532	1239.3015129999999
2076	2036	2544	1239.311737
2076	2052	2532	1239.331695
2088	2048	2532	1239.336578
2080	2040	2540	1239.341705
2060	2020	2548	1239.34671
2052	2024	2548	1239.351776
2076	2056	2532	1239.361877
2084	2048	2532	1239.3667599999999
2076	2044	2540	1239.371856
2056	2020	2548	1239.381927
2064	2048	2540	1239.387207
2064	2032	2548	1239.407196
2060	2036	2540	1239.416992
2068	2028	2540	1239.477447
2088	2040	2536	1239.492492
2064	2028	2544	1239.507507
2068	2056	2536	1239.512573
2064	2032	2548	1239.5327750000001
2060	2024	2544	1239.537628
2080	2064	2532	1239.5476370000001
2064	2028	2544	1239.56781
2080	2064	2532	1239.577789
2092	2052	2532	1239.583007
2080	2036	2540	1239.588043
2068	2044	2540	1239.602966
2092	2052	2536	1239.612976
2072	2056	2532	1239.638214
2084	2060	2532	1239.643127
2088	2036	2544	1239.648315
2056	2032	2544	1239.658233
2080	2056	2528	1239.6734000000001
2092	2048	2544	1239.678619
2056	2028	2544	1239.688415
2068	2048	2536	1239.698425
2076	2052	2528	1239.703491
2088	2044	2540	1239.708404
2052	2016	2544	1239.718658
2080	2056	2528	1239.733642
2088	2044	2536	1239.738555
2064	2052	2536	1239.758728
2072	2032	2540	1239.773742
2068	2028	2548	1239.783874
2064	2048	2540	1239.788848
2076	2040	2544	1239.803955
2068	2028	2548	1239.81427
2068	2044	2540	1239.818969
2072	2060	2532	1239.824157
2084	2048	2532	1239.859222
2084	2040	2544	1239.864318
2084	2052	2532	1239.889465
2060	2020	2544	1239.904357
2080	2056	2528	1239.919555
2064	2032	2544	1239.929595
2064	2024	2544	1239.934509
2064	2032	2544	1239.959777
2056	2020	2540	1239.964752
2068	2052	2536	1239.974884
2092	2044	2536	1239.984802
2072	2028	2544	1239.999908
2088	2044	2536	1240.014984
2064	2028	2544	1240.025054
2064	2024	2544	1240.030059
2072	2040	2540	1240.065155
2068	2056	2528	1240.070281
2056	2016	2544	1240.085327
2080	2056	2532	1240.16574
2064	2024	2544	1240.175659
2064	2020	2544	1240.180755
2072	2032	2544	1240.185821
2080	2060	2532	1240.196075
2072	2024	2544	1240.206054
2060	2020	2540	1240.210845
2072	2040	2544	1240.215972
2076	2040	2544	1240.266265
2068	2048	2540	1240.281311
2072	2056	2532	1240.286285
2076	2036	2544	1240.296325
2064	2024	2544	1240.3015129999999
2068	2028	2544	1240.306335
2072	2040	2540	1240.3114620000001
2072	2060	2532	1240.316558
2080	2060	2532	1240.321411
2088	2032	2544	1240.326446
2060	2028	2544	1240.336456
2076	2040	2540	1240.34143
2076	2056	2532	1240.351501
2056	2024	2540	1240.366851
2076	2040	2540	1240.371612
2076	2060	2528	1240.381805
2084	2040	2540	1240.386688
2056	2032	2544	1240.397125
2064	2032	2544	1240.401885
2072	2068	2532	1240.411926
2068	2016	2544	1240.421813
2080	2052	2540	1240.477386
2076	2024	2544	1240.482238
2064	2036	2544	1240.492309
2080	2060	2540	1240.507354
2072	2052	2532	1240.532379
2080	2056	2536	1240.537475
2064	2020	2544	1240.547485
2072	2020	2544	1240.577667
2064	2028	2544	1240.582611
2068	2044	2540	1240.587707
2076	2056	2528	1240.597808
2076	2044	2540	1240.602844
2068	2024	2544	1240.612792
2080	2040	2536	1240.632995
2072	2020	2544	1240.6381529999999
2060	2024	2544	1240.642974
2076	2060	2536	1240.658172
2076	2052	2544	1240.773559
2072	2056	2532	1240.783721
2064	2016	2540	1240.793609
2072	2044	2544	1240.803802
2076	2052	2532	1240.808746
2072	2064	2532	1240.813751
2076	2036	2544	1240.818847
2068	2016	2540	1240.824035
2076	2040	2540	1240.833923
2072	2048	2532	1240.838958
2080	2040	2544	1240.848937
2068	2012	2540	1240.8541559999999
2076	2044	2536	1240.899261
2072	2048	2540	1240.90924
2072	2020	2540	1240.9143060000001
2072	2024	2540	1240.919555
2072	2040	2540	1240.924499
2068	2036	2536	1240.9295339999999
2072	2016	2540	1240.944488
2072	2044	2540	1240.954589
2068	2052	2532	1240.964599
2072	2028	2540	1240.974548
2072	2044	2540	1240.9898680000001
2076	2060	2536	1240.999816
2080	2032	2544	1241.00473
2072	2012	2540	1241.009765
2076	2048	2544	1241.019958
2072	2044	2536	1241.024841
2072	2012	2548	1241.039978
2068	2056	2536	1241.060089
2072	2012	2548	1241.07019
2072	2044	2540	1241.0854180000001
2080	2056	2544	1241.095184
2080	2040	2536	1241.115417
2068	2048	2532	1241.120422
2072	2048	2536	1241.175537
2068	2056	2540	1241.185607
2064	2028	2540	1241.190673
2072	2052	2540	1241.20578
2072	2048	2532	1241.210754
2076	2036	2548	1241.220794
2068	2016	2540	1241.2257690000001
2072	2040	2540	1241.230743
2080	2056	2544	1241.235809
2068	2052	2536	1241.246063
2072	2020	2540	1241.25595
2064	2020	2536	1241.260894
2068	2036	2544	1241.28125
2072	2028	2540	1241.286102
2076	2040	2540	1241.29602
2072	2060	2532	1241.306091
2068	2020	2540	1241.316162
2076	2040	2540	1241.326263
2072	2056	2536	1241.336303
2068	2020	2544	1241.346435
2076	2048	2544	1241.356414
2072	2040	2544	1241.371459
2068	2032	2544	1241.376617
2072	2060	2540	1241.39151
2072	2052	2536	1241.396575
2076	2060	2536	1241.426696
2060	2032	2540	1241.436737
2072	2028	2544	1241.446868
2068	2032	2540	1241.466918
2068	2024	2540	1241.472045
2076	2028	2540	1241.477081
2068	2056	2536	1241.48703
2068	2036	2540	1241.4971
2076	2032	2540	1241.507324
2076	2052	2540	1241.512145
2068	2056	2536	1241.517181
2064	2048	2540	1241.522308
2064	2036	2540	1241.527343
2076	2056	2540	1241.547332
2068	2040	2540	1241.557342
2072	2032	2540	1241.5625
2072	2056	2536	1241.577392
2076	2040	2540	1241.6326589999999
2064	2040	2540	1241.647857
2072	2020	2536	1241.657897
2072	2052	2536	1241.673065
2068	2040	2540	1241.6830439999999
2072	2024	2536	1241.688049
2076	2028	2536	1241.693023
2072	2052	2540	1241.697967
2076	2052	2536	1241.728271
2068	2036	2540	1241.773468
2076	2044	2540	1241.788482
2076	2052	2540	1241.793426
2072	2048	2536	1241.798553
2064	2036	2540	1241.8038940000001
2076	2032	2540	1241.808868
2076	2040	2536	1241.818634
2064	2040	2540	1241.83377
2080	2024	2540	1241.843811
2076	2052	2540	1241.85382
2060	2040	2540	1241.89389
2068	2028	2544	1241.899108
2072	2024	2540	1241.904083
2072	2036	2536	1241.908966
2072	2056	2540	1241.914062
2072	2048	2540	1241.919097
2072	2032	2536	1241.939178
2072	2048	2540	1241.944213
2076	2056	2540	1241.949188
2064	2036	2536	1241.954254
2064	2036	2540	1241.959167
2080	2028	2536	1241.96939
2076	2044	2540	1241.974304
2072	2052	2536	1241.979339
2064	2044	2536	1241.984405
2072	2024	2540	1241.994628
2076	2044	2540	1242.004577
2068	2052	2540	1242.0145870000001
2072	2032	2544	1242.024688
2072	2048	2540	1242.034667
2076	2052	2540	1242.039611
2068	2048	2536	1242.044769
2060	2036	2544	1242.049804
2072	2024	2544	1242.054656
2076	2036	2540	1242.064941
2080	2036	2540	1242.090057
2080	2040	2540	1242.0950619999999
2072	2040	2536	1242.099975
2068	2048	2540	1242.1049189999999
2076	2028	2540	1242.119964
2072	2040	2536	1242.125335
2080	2044	2540	1242.130187
2080	2032	2544	1242.150115
2072	2032	2540	1242.155242
2072	2048	2540	1242.160339
2060	2044	2540	1242.170471
2064	2028	2540	1242.175323
2080	2036	2540	1242.180328
2072	2044	2536	1242.190521
2072	2052	2540	1242.195465
2064	2032	2540	1242.205596
2076	2040	2540	1242.215423
2076	2044	2544	1242.22583
2060	2044	2540	1242.235748
2072	2032	2536	1242.245727
2060	2044	2536	1242.260742
2080	2036	2540	1242.270751
2080	2052	2544	1242.285949
2056	2040	2540	1242.295898
2080	2032	2536	1242.305999
2080	2048	2544	1242.346069
2056	2040	2540	1242.356384
2088	2032	2540	1242.366607
2076	2052	2540	1242.3763119999999
2056	2040	2536	1242.38681
2064	2040	2536	1242.391479
2084	2032	2536	1242.396392
2072	2044	2540	1242.406677
2064	2044	2536	1242.416473
2064	2032	2536	1242.421661
2080	2032	2536	1242.4265129999999
2080	2036	2536	1242.431549
2068	2052	2544	1242.441528
2064	2036	2540	1242.446716
2076	2032	2540	1242.456665
2076	2024	2536	1242.461791
2072	2052	2544	1242.47171
2076	2040	2540	1242.48706
2084	2032	2536	1242.491973
2068	2044	2536	1242.496887
2072	2040	2540	1242.5171500000001
2076	2044	2536	1242.52716
2088	2032	2540	1242.612609
2076	2036	2536	1242.6177969999999
2076	2048	2544	1242.627532
2080	2040	2536	1242.647888
2072	2048	2536	1242.652587
2064	2040	2544	1242.662658
2072	2040	2536	1242.682891
2060	2032	2536	1242.697845
2084	2036	2540	1242.707885
2068	2032	2536	1242.713073
2068	2028	2536	1242.7631529999999
2080	2044	2540	1242.773315
2072	2044	2540	1242.778411
2068	2040	2544	1242.783111
2068	2036	2536	1242.793304
2080	2040	2540	1242.803314
2072	2048	2540	1242.808563
2068	2040	2544	1242.813568
2060	2036	2540	1242.818542
2060	2036	2536	1242.853698
2088	2036	2540	1242.8636470000001
2068	2048	2544	1242.873809
2064	2040	2532	1242.913726
2080	2036	2536	1242.918914
2084	2028	2532	1242.923919
2080	2060	2536	1242.928985
2092	2028	2536	1242.984222
2072	2040	2540	1242.999298
2072	2036	2540	1243.009826
2080	2044	2536	1243.01947
2072	2052	2540	1243.024383
2068	2032	2544	1243.059509
2068	2044	2536	1243.06961
2088	2040	2540	1243.074768
2080	2036	2532	1243.079711
2056	2024	2540	1243.094787
2088	2044	2540	1243.1049189999999
2072	2044	2536	1243.114898
2084	2032	2536	1243.139892
2068	2044	2544	1243.150024
2060	2036	2536	1243.160064
2080	2040	2540	1243.1650690000001
2072	2048	2532	1243.175354
2052	2032	2536	1243.190124
2076	2048	2540	1243.195434
2072	2052	2548	1243.2104180000001
2092	2036	2540	1243.230407
2080	2040	2540	1243.235565
2080	2032	2536	1243.2958370000001
2072	2048	2536	1243.331146
2068	2044	2544	1243.335906
2068	2028	2544	1243.341033
2080	2044	2536	1243.350921
2088	2040	2540	1243.356048
2064	2032	2544	1243.371185
2068	2040	2536	1243.37619
2076	2044	2540	1243.381134
2088	2036	2536	1243.386108
2080	2048	2540	1243.391174
2064	2044	2544	1243.396331
2064	2028	2540	1243.401336
2064	2040	2532	1243.406219
2076	2044	2536	1243.421386
2076	2048	2536	1243.441436
2084	2036	2536	1243.44638
2068	2056	2540	1243.456512
2068	2036	2544	1243.4617
2060	2024	2536	1243.466613
2076	2040	2536	1243.481567
2064	2036	2548	1243.491699
2060	2028	2540	1243.496887
2072	2044	2536	1243.501708
2084	2040	2540	1243.511718
2072	2048	2540	1243.516723
2072	2048	2532	1243.532073
2084	2036	2540	1243.537139
2072	2056	2536	1243.546875
2060	2044	2536	1243.562286
2084	2032	2540	1243.572174
2072	2044	2548	1243.582092
2064	2020	2544	1243.587066
2060	2040	2536	1243.592285
2080	2044	2540	1243.5972590000001
2092	2040	2540	1243.602233
2064	2024	2544	1243.6475209999999
2060	2044	2536	1243.652679
2084	2048	2536	1243.6577750000001
2092	2040	2536	1243.69281
2072	2052	2540	1243.702697
2056	2032	2536	1243.712799
2072	2048	2536	1243.7177120000001
2080	2044	2536	1243.727874
2068	2044	2544	1243.732971
2072	2044	2536	1243.747863
2084	2036	2540	1243.7528379999999
2072	2048	2544	1243.763
2068	2052	2536	1243.778045
2084	2036	2540	1243.783172
2072	2052	2540	1243.793212
2056	2028	2540	1243.8031
2072	2036	2548	1243.828308
2056	2028	2540	1243.833251
2084	2044	2540	1243.848297
2072	2040	2544	1243.858612
2064	2028	2544	1243.863494
2084	2044	2540	1243.873474
2076	2040	2540	1243.883483
2060	2036	2544	1243.8937369999999
2080	2044	2536	1243.903625
2072	2040	2540	1243.9136349999999
2072	2048	2544	1243.918945
2068	2032	2544	1243.923797
2076	2040	2536	1243.933868
2072	2044	2540	1243.943817
2072	2040	2544	1243.94876
2072	2036	2544	1243.95401
2060	2028	2540	1243.959075
2068	2044	2536	1243.963867
2080	2044	2540	1243.97409
2068	2036	2544	1243.984161
2056	2036	2536	1243.989074
2080	2048	2536	1244.004119
2064	2032	2544	1244.014282
2080	2040	2536	1244.034301
2076	2052	2540	1244.0393060000001
2056	2024	2540	1244.049468
2088	2040	2540	1244.059387
2072	2048	2540	1244.069458
2064	2024	2540	1244.079498
2080	2052	2536	1244.089599
2072	2044	2540	1244.099639
2068	2040	2548	1244.104644
2068	2028	2544	1244.109558
2060	2040	2536	1244.114776
2076	2044	2540	1244.11975
2068	2024	2544	1244.169921
2056	2036	2536	1244.1749869999999
2084	2036	2536	1244.184997
2068	2044	2540	1244.195037
2072	2028	2540	1244.200134
2060	2028	2536	1244.205047
2064	2048	2532	1244.2101440000001
2084	2040	2536	1244.215362
2064	2028	2540	1244.23526
2068	2048	2532	1244.240173
2084	2044	2540	1244.245422
2060	2028	2536	1244.265411
2088	2044	2536	1244.275482
2084	2040	2540	1244.280853
2060	2040	2536	1244.360809
2080	2048	2536	1244.370788
2068	2044	2544	1244.381011
2068	2036	2544	1244.385955
2068	2044	2536	1244.396026
2084	2040	2540	1244.40097
2072	2032	2544	1244.416198
2060	2040	2540	1244.4212029999999
2072	2044	2536	1244.4261470000001
2084	2044	2540	1244.431152
2076	2048	2540	1244.441314
2068	2024	2544	1244.446258
2064	2052	2532	1244.45639
2080	2040	2540	1244.496551
2064	2044	2536	1244.501586
2072	2036	2540	1244.506713
2060	2048	2532	1244.51654
2080	2044	2536	1244.521606
2080	2048	2540	1244.526672
2064	2044	2536	1244.531585
2068	2036	2536	1244.541992
2060	2044	2532	1244.546722
2080	2040	2536	1244.551788
2060	2040	2536	1244.577056
2076	2048	2536	1244.58197
2084	2040	2540	1244.586975
2072	2032	2544	1244.596923
2068	2024	2544	1244.601959
2060	2040	2536	1244.607238
2072	2036	2544	1244.632141
2064	2048	2532	1244.6421500000001
2068	2032	2540	1244.662384
2072	2040	2532	1244.672485
2084	2044	2536	1244.677337
2068	2044	2540	1244.6875
2072	2024	2544	1244.692382
2064	2036	2536	1244.69757
2080	2040	2536	1244.707489
2064	2036	2540	1244.71759
2068	2036	2540	1244.7275690000001
2076	2044	2536	1244.737762
2068	2044	2540	1244.747802
2068	2032	2540	1244.75769
2064	2048	2532	1244.762756
2072	2032	2544	1244.782958
2068	2028	2540	1244.787902
2072	2048	2536	1244.7981869999999
2080	2048	2540	1244.802917
2072	2052	2532	1244.858398
2076	2044	2540	1244.863555
2076	2040	2544	1244.8732909999999
2072	2044	2532	1244.888336
2068	2032	2540	1244.903472
2072	2036	2540	1244.908508
2068	2048	2532	1244.918457
2080	2048	2540	1244.923522
2072	2036	2544	1244.933532
2068	2032	2540	1244.938964
2068	2040	2540	1244.943847
2068	2032	2540	1244.963897
2068	2032	2540	1244.96875
2068	2036	2540	1244.973846
2064	2044	2532	1244.978942
2076	2056	2540	1244.988891
2072	2044	2536	1245.013946
2068	2040	2540	1245.024139
2064	2040	2536	1245.0339960000001
2068	2048	2532	1245.039245
2080	2048	2536	1245.044097
2076	2044	2536	1245.049102
2068	2044	2540	1245.0541680000001
2068	2028	2536	1245.064239
2080	2048	2536	1245.074279
2080	2044	2540	1245.079284
2068	2040	2544	1245.084289
2072	2036	2544	1245.089416
2064	2036	2540	1245.0996089999999
2068	2048	2536	1245.104522
2072	2044	2544	1245.11441
2068	2032	2544	1245.119537
2068	2028	2540	1245.124633
2072	2052	2536	1245.134582
2072	2044	2536	1245.139739
2072	2040	2544	1245.149627
2072	2036	2544	1245.179809
2072	2040	2540	1245.184906
2068	2044	2536	1245.1947930000001
2076	2048	2536	1245.19992
2072	2048	2540	1245.205139
2068	2032	2540	1245.214935
2064	2040	2536	1245.220092
2076	2048	2536	1245.230041
2072	2032	2540	1245.245147
2072	2044	2536	1245.25534
2076	2052	2536	1245.260223
2064	2028	2540	1245.270233
2076	2028	2544	1245.275207
2068	2040	2540	1245.280303
2064	2032	2536	1245.285308
2076	2044	2540	1245.290527
2064	2032	2540	1245.300537
2076	2044	2540	1245.310516
2064	2040	2540	1245.31549
2076	2056	2540	1245.325408
2068	2044	2540	1245.330535
2068	2024	2540	1245.3355099999999
2068	2040	2536	1245.345611
2072	2032	2540	1245.365692
2072	2024	2540	1245.370666
2072	2036	2536	1245.496337
2068	2044	2536	1245.506408
2072	2040	2540	1245.511413
2072	2028	2540	1245.521423
2064	2048	2536	1245.531433
2072	2048	2536	1245.53656
2068	2044	2544	1245.5466000000001
2072	2040	2540	1245.551727
2068	2044	2540	1245.561706
2068	2036	2540	1245.582183
2068	2040	2536	1245.591918
2072	2040	2544	1245.6069029999999
2064	2044	2532	1245.627014
2068	2044	2544	1245.636962
2064	2032	2540	1245.642028
2072	2028	2536	1245.647155
2068	2048	2536	1245.657135
2076	2044	2540	1245.662139
2068	2040	2540	1245.67218
2072	2040	2540	1245.727355
2064	2040	2540	1245.732452
2076	2036	2540	1245.742645
2072	2048	2532	1245.752532
2064	2040	2540	1245.762542
2076	2032	2536	1245.767578
2068	2048	2532	1245.77777
2072	2048	2532	1245.7827750000001
2076	2040	2544	1245.787841
2064	2040	2544	1245.792724
2072	2040	2536	1245.938446
2064	2044	2544	1245.943664
2068	2032	2540	1245.9485770000001
2080	2028	2536	1245.95346
2068	2052	2532	1245.963592
2072	2048	2536	1245.968505
2080	2028	2540	1245.983795
2076	2044	2540	1245.9888
2064	2036	2544	1246.008911
2072	2028	2536	1246.013854
2068	2052	2536	1246.023925
2072	2048	2536	1246.0289
2064	2044	2544	1246.039001
2072	2044	2536	1246.059082
2076	2044	2540	1246.064086
2060	2040	2544	1246.069335
2080	2036	2540	1246.079132
2068	2048	2532	1246.089141
2076	2044	2540	1246.0942380000001
2068	2044	2544	1246.099121
2064	2024	2540	1246.104431
2076	2052	2536	1246.114257
2068	2044	2532	1246.119201
2068	2048	2544	1246.129302
2072	2036	2540	1246.13449
2076	2052	2536	1246.144561
2068	2020	2536	1246.259918
2072	2048	2536	1246.270172
2068	2036	2532	1246.275085
2068	2052	2540	1246.280059
2064	2040	2544	1246.285064
2072	2020	2536	1246.2900690000001
2072	2056	2536	1246.300262
2072	2036	2536	1246.3052969999999
2068	2044	2540	1246.310241
2064	2044	2544	1246.3152460000001
2072	2016	2540	1246.320251
