2080	2060	2536	2017.5542599999999
2080	2060	2536	2017.564178
2080	2060	2536	2017.569152
2080	2060	2536	2017.579223
2080	2060	2536	2017.589447
2080	2060	2536	2017.599487
2080	2060	2536	2017.6044
2080	2060	2536	2017.629547
2080	2060	2536	2017.634521
2080	2060	2536	2017.640075
2080	2060	2536	2017.644653
2080	2060	2532	2017.6552120000001
2080	2060	2536	2017.664733
2080	2060	2536	2017.66983
2080	2060	2536	2017.674835
2080	2060	2536	2017.710052
2080	2060	2536	2017.720367
2080	2060	2536	2017.725128
2080	2060	2536	2017.730102
2080	2060	2536	2017.735168
2080	2060	2536	2017.750366
2080	2060	2536	2017.755279
2080	2060	2536	2017.760498
2080	2060	2532	2017.810546
2080	2060	2532	2017.815765
2080	2060	2536	2017.820678
2080	2060	2536	2017.825683
2080	2060	2536	2017.830841
2080	2060	2536	2017.8357839999999
2080	2060	2536	2017.8510430000001
2080	2060	2536	2017.855865
2080	2060	2536	2017.86087
2080	2060	2536	2017.8659360000001
2080	2060	2536	2017.976776
2080	2060	2536	2017.986633
2080	2060	2536	2017.996734
2080	2060	2536	2018.001861
2080	2060	2536	2018.006713
2080	2060	2536	2018.012115
2080	2060	2536	2018.016845
2080	2060	2536	2018.026885
2080	2060	2532	2018.172882
2080	2060	2532	2018.1828
2080	2060	2536	2018.192901
2080	2060	2536	2018.1978450000001
2080	2060	2536	2018.203094
2080	2060	2536	2018.208099
2080	2060	2536	2018.213012
2080	2060	2536	2018.2180170000001
2080	2060	2536	2018.223114
2080	2060	2540	2018.4242239999999
2080	2060	2536	2018.429199
2080	2060	2536	2018.434417
2080	2060	2536	2018.4393
2080	2060	2536	2018.444488
2080	2060	2536	2018.4494009999999
2080	2060	2536	2018.454406
2080	2060	2536	2018.464477
2080	2060	2532	2018.469665
2080	2060	2536	2018.4745480000001
2080	2060	2536	2018.479583
2080	2060	2536	2018.625457
2080	2060	2536	2018.635437
2080	2060	2536	2018.6457209999999
2080	2060	2536	2018.655731
2080	2060	2536	2018.660614
2080	2060	2536	2018.6658320000001
2080	2060	2536	2018.675781
2080	2060	2536	2018.776336
2080	2060	2536	2018.786407
2080	2060	2536	2018.796417
2080	2060	2536	2018.806732
2080	2060	2536	2018.816619
2080	2060	2536	2018.822448
2080	2060	2536	2019.048309
2080	2060	2536	2019.057891
2080	2060	2536	2019.063079
2080	2060	2536	2019.068084
2080	2064	2536	2019.073089
2080	2060	2536	2019.0781550000002
2080	2060	2536	2019.093261
2080	2060	2536	2019.2641899999999
2080	2060	2536	2019.269226
2080	2060	2536	2019.284332
2080	2060	2536	2019.299377
2080	2060	2536	2019.309509
2080	2060	2532	2019.31961
2080	2060	2536	2019.445465
2080	2060	2536	2019.4505
2080	2060	2532	2019.460327
2080	2060	2532	2019.470703
2080	2060	2532	2019.475708
2080	2060	2532	2019.480438
2080	2060	2532	2019.4906919999999
2080	2060	2532	2019.495574
2080	2060	2532	2019.500946
2080	2060	2532	2019.505584
2080	2060	2536	2019.586151
2080	2060	2536	2019.596221
2080	2060	2536	2019.606445
2080	2060	2536	2019.611541
2080	2060	2536	2019.6163940000001
2080	2060	2532	2019.626495
2080	2060	2536	2019.631408
2080	2060	2532	2019.742187
2080	2060	2532	2019.752044
2080	2060	2532	2019.757171
2080	2060	2536	2019.772583
2080	2060	2536	2019.787231
2080	2060	2532	2019.797332
2080	2060	2536	2019.9130850000001
2080	2060	2536	2019.923278
2080	2060	2536	2019.92807
2080	2060	2536	2019.9334410000001
2080	2060	2536	2019.938201
2084	2060	2536	2019.948181
2084	2060	2536	2019.958251
2080	2060	2536	2020.084106
2080	2060	2536	2020.094329
2080	2060	2536	2020.1091609999999
2080	2060	2536	2020.114257
2080	2060	2536	2020.124298
2080	2060	2536	2020.129425
2080	2060	2536	2020.255187
2080	2060	2536	2020.260253
2080	2060	2536	2020.265136
2080	2060	2536	2020.27008
2080	2060	2536	2020.285217
2080	2060	2536	2020.295593
2080	2060	2536	2020.39096
2080	2060	2536	2020.4060359999999
2080	2060	2536	2020.436309
2080	2060	2536	2020.516632
2084	2060	2536	2020.521728
2084	2060	2536	2020.531646
2084	2060	2536	2020.541748
2084	2060	2532	2020.5519100000001
2080	2060	2536	2020.566925
2080	2060	2536	2020.6525259999999
2080	2060	2536	2020.657531
2080	2060	2532	2020.677764
2084	2060	2532	2020.697814
2080	2060	2536	2020.7840270000002
2080	2060	2536	2020.7883299999999
2080	2060	2536	2020.803253
2080	2060	2536	2020.813476
2080	2060	2536	2020.818481
2080	2060	2536	2020.82846
2080	2060	2536	2020.888854
2080	2060	2536	2020.893859
2080	2060	2536	2020.903839
2080	2060	2536	2020.918945
2080	2060	2536	2020.929077
2080	2060	2536	2020.939239
2080	2060	2536	2020.944702
2080	2060	2540	2021.004455
2080	2060	2540	2021.009674
2080	2060	2536	2021.014465
2080	2060	2536	2021.019744
2080	2060	2536	2021.034606
2080	2060	2536	2021.04486
2080	2060	2536	2021.054809
2080	2060	2532	2021.145294
2080	2060	2532	2021.160369
2080	2060	2536	2021.1806940000001
2084	2060	2536	2021.195526
2080	2060	2536	2021.286437
2080	2060	2536	2021.296478
2080	2060	2536	2021.31134
2080	2060	2536	2021.3163140000001
2080	2060	2536	2021.331451
2076	2060	2536	2021.4874260000001
2076	2060	2536	2021.49237
2080	2060	2536	2021.502716
2080	2060	2536	2021.512481
2080	2060	2536	2021.522766
2080	2064	2536	2021.5428160000001
2080	2060	2536	2021.613067
2080	2060	2536	2021.628326
2080	2060	2536	2021.633178
2080	2060	2536	2021.648254
2080	2060	2536	2021.663665
2080	2060	2536	2021.733825
2080	2060	2536	2021.753906
2080	2060	2536	2021.769012
2080	2060	2532	2021.8092040000001
2080	2060	2532	2021.8193350000001
2080	2060	2532	2021.8293760000001
2080	2060	2536	2021.839355
2080	2060	2536	2021.894775
2080	2060	2536	2021.904937
2080	2060	2536	2021.920196
2080	2060	2536	2021.9299310000001
2080	2060	2536	2021.94522
2080	2060	2536	2021.950042
2080	2060	2532	2021.980224
2080	2060	2536	2021.990478
2080	2060	2536	2022.010467
2080	2060	2536	2022.0206600000001
2080	2060	2536	2022.06076
2080	2060	2536	2022.0708
2080	2060	2536	2022.086212
2080	2060	2536	2022.100982
2080	2060	2536	2022.106231
2080	2060	2536	2022.116302
2080	2060	2536	2022.1563409999999
2080	2060	2536	2022.166381
2080	2060	2536	2022.18164
2080	2060	2536	2022.196502
2080	2060	2536	2022.231872
2080	2060	2540	2022.24179
2080	2064	2536	2022.2520140000001
2084	2060	2536	2022.26712
2080	2060	2536	2022.312561
2080	2060	2536	2022.322296
2080	2060	2536	2022.332336
2080	2060	2536	2022.352508
2080	2060	2536	2022.367584
2080	2060	2536	2022.407745
2080	2060	2536	2022.4178769999999
2080	2064	2536	2022.422851
2080	2060	2536	2022.4329520000001
2080	2060	2536	2022.443115
2080	2060	2536	2022.448059
2080	2060	2536	2022.493286
2080	2060	2536	2022.503295
2080	2060	2536	2022.5184319999998
2080	2060	2536	2022.523406
2080	2060	2540	2022.543701
2080	2060	2536	2022.589019
2080	2060	2532	2022.598907
2080	2060	2536	2022.6140129999999
2080	2060	2536	2022.669555
2080	2060	2536	2022.679412
2080	2060	2536	2022.694732
2080	2060	2536	2022.795135
2080	2060	2536	2022.80014
2080	2060	2536	2022.840393
2080	2060	2536	2022.850402
2080	2060	2536	2022.865753
2080	2060	2536	2022.920806
2080	2060	2536	2022.925964
2080	2060	2536	2022.940948
2080	2060	2536	2022.945983
2080	2060	2532	2022.966186
2080	2060	2532	2022.996429
2080	2060	2536	2023.0013119999999
2080	2064	2536	2023.011444
2080	2064	2536	2023.0415950000001
2084	2060	2536	2023.051574
2080	2060	2536	2023.132171
2080	2060	2536	2023.137054
2080	2060	2536	2023.1421500000001
2080	2060	2536	2023.217498
2080	2060	2536	2023.227844
2080	2060	2536	2023.242706
2080	2060	2532	2023.2527770000002
2080	2060	2536	2023.257934
2080	2060	2536	2023.343292
2080	2060	2536	2023.348419
2080	2060	2532	2023.378448
2080	2060	2536	2023.4287709999999
2080	2060	2536	2023.454132
2080	2060	2536	2023.469055
2080	2060	2536	2023.564636
2080	2060	2536	2023.574768
2080	2060	2536	2023.58963
2080	2060	2536	2023.59494
2080	2060	2536	2023.650238
2080	2060	2536	2023.660278
2080	2060	2536	2023.6753840000001
2080	2060	2536	2023.695373
2080	2060	2536	2023.770843
2080	2060	2536	2023.78601
2080	2060	2536	2023.8160090000001
2080	2060	2536	2023.876739
2080	2060	2536	2023.881408
2080	2060	2536	2023.886535
2080	2060	2536	2023.916839
2080	2060	2536	2023.921752
2080	2060	2536	2023.9771719999999
2080	2060	2536	2023.992065
2080	2060	2536	2023.997619
2080	2060	2536	2024.007415
2080	2056	2532	2024.012481
2080	2060	2536	2024.027282
2084	2060	2536	2024.102844
2080	2060	2536	2024.108001
2080	2060	2536	2024.118011
2080	2060	2536	2024.127929
2080	2060	2536	2024.163238
2080	2060	2536	2024.173492
2080	2064	2536	2024.1932980000001
2080	2060	2536	2024.208557
2084	2060	2536	2024.263641
2080	2060	2536	2024.273773
2080	2060	2536	2024.2789910000001
2080	2060	2536	2024.283813
2080	2060	2536	2024.288879
2080	2060	2532	2024.293884
2080	2060	2536	2024.304138
2080	2060	2536	2024.31961
2080	2060	2536	2024.384521
2080	2060	2536	2024.39981
2080	2060	2536	2024.419647
2080	2060	2536	2024.465209
2080	2060	2536	2024.480133
2080	2060	2536	2024.485076
2080	2060	2536	2024.500305
2080	2060	2536	2024.515197
2080	2060	2536	2024.5607909999999
2080	2060	2536	2024.565673
2080	2060	2536	2024.575531
2080	2060	2536	2024.585601
2080	2060	2536	2024.610717
2080	2060	2536	2024.615783
2080	2060	2536	2024.681365
2080	2060	2536	2024.701385
2080	2060	2536	2024.721771
2080	2060	2536	2024.726684
2080	2060	2532	2024.741638
2080	2060	2532	2024.751617
2080	2060	2536	2024.7619009999999
2080	2060	2536	2024.7716970000001
2084	2060	2536	2024.796875
2080	2060	2536	2024.852142
2080	2060	2536	2024.862274
2080	2060	2536	2024.872375
2080	2060	2536	2024.882507
2080	2060	2536	2024.887542
2080	2060	2536	2024.897491
2080	2060	2536	2024.988128
2080	2056	2536	2025.0081169999999
2080	2060	2536	2025.0130920000001
2080	2060	2536	2025.023254
2080	2060	2536	2025.093597
2080	2060	2536	2025.103698
2080	2060	2536	2025.118865
2080	2060	2536	2025.128967
2080	2060	2536	2025.13385
2080	2060	2536	2025.143859
2080	2060	2536	2025.199218
2080	2060	2536	2025.214477
2080	2060	2536	2025.2294
2080	2060	2536	2025.2394100000001
2080	2060	2536	2025.294799
2080	2060	2536	2025.315399
2080	2060	2536	2025.330017
2080	2064	2536	2025.40567
2080	2060	2536	2025.425567
2080	2060	2536	2025.435729
2080	2060	2536	2025.440643
2080	2060	2536	2025.450714
2080	2060	2536	2025.511016
2080	2060	2536	2025.521148
2080	2060	2540	2025.541442
2080	2060	2536	2025.556365
2080	2060	2536	2025.601623
2080	2060	2536	2025.611633
2080	2060	2536	2025.6217040000001
2080	2060	2536	2025.636962
2080	2060	2536	2025.651885
2080	2060	2536	2025.7023920000001
2080	2060	2536	2025.717285
2080	2060	2532	2025.74237
2080	2060	2536	2025.752471
2080	2060	2536	2025.802917
2080	2060	2536	2025.81784
2080	2060	2536	2025.833099
2076	2060	2536	2025.837951
2076	2060	2536	2025.848144
2076	2060	2536	2025.858123
2080	2060	2536	2025.9234609999999
2080	2060	2536	2025.9337150000001
2080	2060	2536	2025.953735
2080	2060	2536	2025.963867
2080	2060	2536	2026.0393060000001
2080	2060	2532	2026.064453
2080	2060	2536	2026.069458
2080	2060	2536	2026.139801
2080	2060	2536	2026.149841
2080	2060	2536	2026.164886
2080	2060	2536	2026.2303160000001
2080	2060	2536	2026.240325
2080	2060	2536	2026.250579
2080	2060	2536	2026.260437
2080	2060	2536	2026.265533
2080	2060	2536	2026.321044
2080	2060	2536	2026.3259269999999
2084	2060	2536	2026.340911
2080	2060	2536	2026.37619
2080	2060	2536	2026.4315179999999
2080	2060	2536	2026.4364620000001
2080	2060	2536	2026.441558
2080	2060	2536	2026.451934
2080	2060	2536	2026.4617
2080	2060	2536	2026.4817189999999
2080	2060	2536	2026.53244
2080	2060	2532	2026.55252
2080	2060	2536	2026.577362
2080	2060	2536	2026.64273
2080	2060	2532	2026.6628719999999
2080	2060	2532	2026.672943
2080	2060	2536	2026.698181
2080	2060	2532	2026.743286
2080	2060	2532	2026.748535
2080	2060	2536	2026.768493
2080	2060	2536	2026.778869
2080	2060	2536	2026.793609
2080	2060	2536	2026.8541559999999
2080	2060	2536	2026.874176
2080	2060	2536	2026.884185
2080	2060	2536	2026.959594
2080	2064	2536	2026.96463
2080	2064	2536	2026.9750060000001
2080	2060	2536	2026.984771
2080	2060	2536	2026.994812
2080	2060	2536	2026.9997859999999
2080	2060	2536	2027.065216
2080	2060	2536	2027.080322
2080	2060	2532	2027.085327
2080	2060	2536	2027.115539
2080	2060	2532	2027.130554
2080	2064	2536	2027.140838
2080	2060	2536	2027.185974
2080	2056	2532	2027.2462759999999
2080	2056	2532	2027.251373
2080	2060	2532	2027.2565
2080	2060	2532	2027.261383
2080	2060	2536	2027.2764889999999
2080	2060	2536	2027.281524
2080	2060	2536	2027.291534
2080	2060	2532	2027.382171
2080	2060	2532	2027.392089
2080	2060	2532	2027.4022519999999
2080	2060	2536	2027.498107
2080	2060	2536	2027.507904
2080	2060	2532	2027.522857
2080	2060	2536	2027.573272
2080	2060	2536	2027.598449
2080	2060	2536	2027.618621
2080	2060	2532	2027.623687
2080	2060	2536	2027.694091
2080	2060	2536	2027.704071
2080	2060	2536	2027.709045
2080	2060	2536	2027.724304
2080	2060	2536	2027.734313
2080	2060	2536	2027.739379
2080	2060	2536	2027.804595
2080	2060	2536	2027.814697
2080	2060	2536	2027.82492
2080	2060	2536	2027.839813
2080	2060	2536	2027.90039
2080	2060	2536	2027.915252
2080	2060	2536	2027.920471
2080	2060	2536	2027.925262
2080	2060	2536	2027.9455560000001
2080	2060	2532	2028.0108639999999
2080	2060	2532	2028.0161130000001
2080	2060	2532	2028.0259700000001
2080	2060	2536	2028.031005
2080	2060	2536	2028.126556
2080	2060	2536	2028.14682
2080	2060	2536	2028.151611
2080	2060	2536	2028.166717
2080	2060	2536	2028.176818
2080	2060	2536	2028.22229
2080	2060	2536	2028.262451
2080	2060	2536	2028.3377679999999
2080	2060	2536	2028.343139
2080	2060	2532	2028.347808
2080	2060	2536	2028.3578790000001
2080	2060	2536	2028.3628840000001
2080	2060	2536	2028.36795
2080	2060	2536	2028.383239
2080	2060	2536	2028.3880920000001
2080	2060	2536	2028.463684
2080	2060	2536	2028.478759
2080	2060	2536	2028.4837029999999
2080	2060	2536	2028.488586
2080	2060	2536	2028.544128
2080	2060	2536	2028.549041
2080	2060	2536	2028.564178
2080	2060	2532	2028.584625
2076	2060	2536	2028.619384
2080	2060	2536	2028.624633
2080	2060	2536	2028.649597
2080	2060	2536	2028.654602
2080	2060	2536	2028.664825
2080	2060	2536	2028.725128
2080	2060	2536	2028.755249
2080	2060	2536	2028.7653500000001
2080	2060	2536	2028.835845
2080	2060	2536	2028.855834
2080	2060	2536	2028.866424
2080	2060	2536	2028.875976
2080	2060	2536	2028.880981
2080	2060	2532	2028.9514159999999
2080	2060	2536	2028.966644
2080	2060	2536	2028.981567
2080	2060	2532	2029.0569759999998
2080	2060	2532	2029.062194
2080	2060	2536	2029.077331
2080	2060	2536	2029.097381
2080	2060	2536	2029.112365
2080	2060	2536	2029.1628110000001
2080	2060	2536	2029.167724
2080	2060	2536	2029.172668
2080	2060	2536	2029.187896
2080	2060	2536	2029.1929930000001
2080	2060	2536	2029.2684020000002
2080	2060	2536	2029.27835
2080	2060	2536	2029.288574
2080	2064	2536	2029.2984609999999
2080	2060	2536	2029.308654
2080	2064	2536	2029.318511
2080	2060	2536	2029.36383
2080	2060	2540	2029.37387
2084	2060	2540	2029.384094
2080	2060	2536	2029.4090879999999
2080	2060	2536	2029.419311
2080	2060	2536	2029.459411
2080	2060	2532	2029.474487
2080	2060	2536	2029.489532
2080	2060	2536	2029.494598
2080	2060	2536	2029.509796
2080	2060	2536	2029.5952750000001
2080	2060	2536	2029.610229
2080	2060	2536	2029.6154470000001
2080	2060	2536	2029.635467
2080	2060	2536	2029.70578
2080	2060	2532	2029.7160939999999
2080	2060	2532	2029.731048
2080	2060	2536	2029.735992
2080	2060	2536	2029.7462150000001
2080	2060	2536	2029.756286
2080	2060	2536	2029.816497
2080	2060	2536	2029.821685
2080	2060	2536	2029.841918
2080	2060	2536	2029.851684
2080	2060	2536	2029.861785
2080	2064	2536	2029.932159
2080	2060	2536	2029.942413
2080	2060	2536	2029.947265
2080	2060	2536	2029.9573970000001
2080	2060	2536	2029.967407
2080	2060	2536	2030.01773
2080	2060	2536	2030.037994
2080	2060	2536	2030.047851
2080	2060	2536	2030.073333
2080	2060	2536	2030.13858
2080	2060	2536	2030.148498
2080	2060	2536	2030.158508
2080	2060	2536	2030.173614
2080	2060	2536	2030.178741
2080	2060	2536	2030.2390129999999
2080	2064	2536	2030.24411
2080	2064	2536	2030.254089
2080	2064	2536	2030.274414
2080	2060	2540	2030.279327
2084	2060	2536	2030.33966
2080	2060	2536	2030.344726
2080	2060	2536	2030.369689
2080	2060	2536	2030.379882
2080	2060	2536	2030.395172
2080	2060	2536	2030.440307
2080	2060	2536	2030.450225
2080	2064	2536	2030.4604180000001
2080	2060	2536	2030.475677
2080	2060	2536	2030.495697
2080	2060	2536	2030.565948
2080	2060	2536	2030.576019
2080	2060	2536	2030.601257
2084	2060	2536	2030.606262
2080	2060	2536	2030.656707
2080	2056	2532	2030.661499
2080	2056	2532	2030.6716000000001
2080	2056	2532	2030.681701
2080	2060	2532	2030.691894
2080	2060	2536	2030.701782
2080	2060	2536	2030.706787
2080	2060	2532	2030.7772519999999
2080	2060	2532	2030.782257
2080	2060	2536	2030.792297
2080	2060	2536	2030.807373
2080	2060	2536	2030.812469
2080	2060	2536	2030.862731
2080	2060	2536	2030.872955
2080	2060	2536	2030.888061
2080	2060	2536	2030.9029540000001
2080	2060	2536	2030.963378
2080	2060	2536	2030.973419
2080	2060	2536	2030.978424
2080	2060	2536	2031.058929
2080	2060	2536	2031.063903
2080	2060	2536	2031.068969
2080	2060	2536	2031.089111
2080	2060	2536	2031.094116
2080	2060	2536	2031.109191
2080	2060	2536	2031.1444390000001
2080	2060	2536	2031.1696160000001
2080	2064	2536	2031.179809
2080	2060	2536	2031.189758
2080	2060	2536	2031.250061
2080	2064	2536	2031.26007
2076	2060	2536	2031.2752679999999
2080	2060	2536	2031.285308
2080	2060	2536	2031.295318
2080	2060	2536	2031.305328
2080	2060	2536	2031.3457640000001
2080	2064	2536	2031.351013
2080	2060	2536	2031.36087
2080	2060	2536	2031.370727
2080	2060	2536	2031.4662779999999
2080	2060	2536	2031.476562
2080	2060	2536	2031.481597
2080	2060	2532	2031.501495
2080	2060	2532	2031.516571
2080	2060	2532	2031.52185
2080	2060	2536	2031.576934
2080	2060	2536	2031.592102
2080	2060	2536	2031.597229
2080	2060	2540	2031.60736
2080	2060	2536	2031.692657
2080	2060	2536	2031.697662
2080	2060	2536	2031.7127679999999
2080	2060	2536	2031.73822
2080	2060	2536	2031.743011
2080	2060	2536	2031.7882690000001
2080	2060	2536	2031.813507
2080	2060	2536	2031.823455
2080	2060	2536	2031.838562
2080	2060	2536	2031.914001
2080	2060	2536	2031.924194
2080	2060	2536	2031.939117
2080	2064	2536	2031.999481
2080	2064	2536	2032.014556
2080	2064	2536	2032.024749
2080	2064	2532	2032.0298149999999
2080	2064	2536	2032.034729
2080	2060	2536	2032.095245
2080	2060	2532	2032.120208
2080	2060	2536	2032.130249
2080	2060	2536	2032.1403500000001
2080	2060	2536	2032.2058710000001
2080	2060	2536	2032.210754
2080	2060	2536	2032.220855
2080	2060	2536	2032.230834
2080	2060	2536	2032.28128
2080	2060	2536	2032.2863459999999
2080	2060	2536	2032.296295
2080	2060	2536	2032.326538
2080	2060	2536	2032.336517
2080	2060	2536	2032.3818959999999
2080	2060	2536	2032.386962
2080	2060	2536	2032.427093
2080	2060	2532	2032.487518
2080	2060	2536	2032.492462
2080	2060	2536	2032.507507
2080	2060	2536	2032.522613
2080	2060	2536	2032.532653
2080	2060	2536	2032.608306
2080	2060	2536	2032.613311
2080	2060	2536	2032.64331
2080	2060	2536	2032.6486810000001
2080	2060	2536	2032.7036739999999
2080	2060	2536	2032.713867
2080	2060	2536	2032.7237850000001
2080	2060	2536	2032.753997
2080	2060	2536	2032.8096
2080	2064	2536	2032.8243400000001
2080	2060	2536	2032.8546139999999
2080	2060	2540	2032.9100640000001
2080	2060	2536	2032.919982
2080	2060	2536	2032.9249869999999
2080	2060	2536	2032.9501639999999
2080	2060	2536	2033.005645
2080	2060	2536	2033.01065
2080	2060	2536	2033.035705
2080	2060	2536	2033.0408320000001
2080	2060	2536	2033.111175
2080	2060	2536	2033.121154
2080	2060	2536	2033.1313169999999
2080	2060	2532	2033.146301
2080	2060	2536	2033.221771
2080	2060	2536	2033.231933
2080	2060	2536	2033.241943
2080	2060	2532	2033.2570190000001
2080	2060	2532	2033.2671500000001
2080	2060	2532	2033.327362
2080	2064	2536	2033.357513
2080	2064	2536	2033.377655
2080	2060	2536	2033.448089
2080	2060	2536	2033.473205
2080	2060	2536	2033.5386039999999
2080	2060	2536	2033.563934
2080	2060	2536	2033.5788870000001
2080	2060	2536	2033.583862
2080	2064	2536	2033.6292720000001
2080	2064	2536	2033.6391290000001
2080	2060	2536	2033.664398
2080	2060	2536	2033.724853
2080	2060	2536	2033.735168
2080	2060	2536	2033.749847
2080	2060	2536	2033.7550959999999
2080	2060	2536	2033.759918
2080	2060	2536	2033.810211
2080	2060	2536	2033.830322
2080	2060	2536	2033.840393
2080	2060	2536	2033.860565
2080	2060	2536	2033.910766
2080	2060	2532	2033.921081
2080	2060	2536	2033.930877
2080	2060	2536	2033.940979
2080	2060	2536	2033.945983
2080	2060	2536	2033.966186
2080	2060	2536	2034.011352
2080	2060	2536	2034.026458
2080	2056	2536	2034.03656
2080	2060	2536	2034.056854
2080	2060	2536	2034.061798
2080	2060	2536	2034.111999
2080	2060	2536	2034.132202
2080	2060	2536	2034.142303
2080	2060	2536	2034.227722
2080	2060	2536	2034.2326659999999
2080	2060	2540	2034.252807
2080	2060	2536	2034.258087
2080	2060	2536	2034.2679130000001
2080	2060	2536	2034.272949
2080	2060	2536	2034.353454
2080	2060	2536	2034.358581
2080	2060	2536	2034.378997
2080	2060	2536	2034.398712
2080	2060	2536	2034.45404
2080	2060	2536	2034.474304
2080	2060	2536	2034.484252
2080	2060	2532	2034.499481
2080	2060	2532	2034.504516
2080	2060	2536	2034.559631
2080	2060	2536	2034.574676
2076	2060	2536	2034.655181
2080	2060	2536	2034.675292
2080	2060	2536	2034.680419
2080	2060	2536	2034.690399
2080	2060	2536	2034.710632
2080	2060	2536	2034.755737
2080	2060	2536	2034.766021
2080	2060	2536	2034.770843
2080	2060	2536	2034.781127
2080	2060	2536	2034.866546
2080	2060	2536	2034.886688
2080	2060	2536	2034.9017939999999
2076	2060	2536	2034.911773
2080	2060	2532	2034.987274
2080	2060	2532	2035.012359
2080	2060	2532	2035.0173949999999
2080	2060	2536	2035.0578
2080	2060	2536	2035.072723
2080	2060	2536	2035.0930779999999
2080	2060	2536	2035.0979
2080	2060	2536	2035.103057
2080	2060	2536	2035.112915
2080	2060	2540	2035.173278
2080	2060	2536	2035.183532
2080	2060	2536	2035.198486
2080	2060	2536	2035.213562
2080	2060	2536	2035.268859
2080	2060	2536	2035.283935
2080	2060	2536	2035.299072
2080	2064	2536	2035.369445
2080	2060	2536	2035.384857
2080	2060	2536	2035.389739
2080	2060	2536	2035.4249869999999
2080	2060	2536	2035.475097
2080	2060	2536	2035.480133
2080	2060	2536	2035.485382
2080	2060	2536	2035.500213
2080	2060	2536	2035.510284
2080	2060	2536	2035.515502
2080	2060	2536	2035.530395
2076	2060	2536	2035.575683
2080	2060	2536	2035.595886
2080	2064	2536	2035.6058950000001
2080	2060	2536	2035.616088
2080	2060	2536	2035.6210019999999
2080	2060	2536	2035.626159
2080	2060	2536	2035.676391
2080	2060	2536	2035.686431
2080	2060	2536	2035.696441
2080	2060	2536	2035.726562
2080	2060	2536	2035.777008
2080	2060	2532	2035.787078
2080	2060	2536	2035.802001
2080	2060	2536	2035.807189
2080	2060	2536	2035.8273920000001
2080	2064	2536	2035.882507
2080	2060	2536	2035.91275
2080	2060	2536	2035.92276
2080	2060	2536	2035.988311
2080	2060	2536	2035.9931940000001
2080	2060	2536	2036.00354
2080	2060	2536	2036.01831
2080	2060	2536	2036.023376
2080	2060	2536	2036.028503
2080	2060	2536	2036.0386349999999
2080	2060	2540	2036.088775
2080	2060	2536	2036.098754
2080	2060	2540	2036.103942
2080	2060	2536	2036.1189570000001
2080	2060	2536	2036.128967
2080	2060	2536	2036.149291
2080	2060	2536	2036.159149
2080	2060	2536	2036.184326
2080	2060	2536	2036.1943959999999
2080	2060	2536	2036.204559
2080	2060	2536	2036.2699579999999
2080	2060	2536	2036.284912
2080	2060	2536	2036.289916
2080	2060	2536	2036.305084
2080	2060	2536	2036.310638
2080	2064	2536	2036.405639
2080	2060	2536	2036.410705
2080	2060	2536	2036.425842
2080	2060	2536	2036.440887
2080	2060	2536	2036.4458610000001
2080	2060	2536	2036.521362
2080	2060	2536	2036.531372
2080	2064	2536	2036.546447
2080	2064	2536	2036.556549
2080	2060	2536	2036.627105
2080	2060	2536	2036.637084
2080	2060	2536	2036.65213
2080	2060	2536	2036.667205
2080	2060	2536	2036.727539
2080	2060	2536	2036.742614
2080	2060	2536	2036.753021
2080	2060	2536	2036.767883
2080	2060	2536	2036.782897
2080	2060	2532	2036.833374
2080	2060	2536	2036.8382259999998
2080	2060	2536	2036.858276
2080	2060	2536	2036.863403
2080	2060	2532	2036.868377
2080	2060	2536	2036.8785090000001
2080	2060	2536	2036.923706
2080	2060	2536	2036.943878
2080	2060	2536	2036.959075
2080	2060	2536	2037.024383
2080	2060	2536	2037.069549
2080	2060	2536	2037.0748290000001
2080	2060	2536	2037.134948
2080	2060	2536	2037.145202
2080	2060	2536	2037.155334
2084	2060	2536	2037.1651299999999
2080	2060	2536	2037.180389
2080	2060	2536	2037.250701
2080	2060	2536	2037.260711
2080	2060	2536	2037.270782
2080	2060	2536	2037.295959
2080	2060	2536	2037.346313
2080	2060	2536	2037.356445
2080	2060	2536	2037.366485
2080	2060	2536	2037.3815
2080	2060	2536	2037.386505
2080	2060	2536	2037.396759
2080	2064	2536	2037.4619440000001
2080	2064	2536	2037.487091
2080	2060	2536	2037.497161
2080	2060	2536	2037.552429
2080	2060	2532	2037.567779
2080	2060	2536	2037.577697
2080	2064	2536	2037.592834
2080	2060	2536	2037.6078790000001
2080	2060	2536	2037.653198
2080	2060	2536	2037.658172
2080	2060	2536	2037.678405
2080	2060	2536	2037.6932980000001
2080	2064	2536	2037.7639159999999
2080	2060	2536	2037.778808
2080	2060	2536	2037.783874
2080	2060	2536	2037.7889089999999
2080	2060	2536	2037.804107
2080	2060	2536	2037.854278
2080	2060	2536	2037.8644709999999
2080	2060	2532	2037.87442
2080	2060	2532	2037.889495
2076	2060	2536	2037.904602
2080	2060	2536	2037.960296
2080	2060	2536	2037.980072
2080	2060	2536	2037.990112
2080	2060	2536	2037.995269
2080	2060	2536	2038.08081
2080	2060	2536	2038.09085
2080	2060	2536	2038.1008299999999
2080	2060	2536	2038.105712
2080	2060	2536	2038.115844
2080	2060	2536	2038.181213
2080	2060	2536	2038.20642
2080	2060	2536	2038.256958
2080	2060	2536	2038.266723
2080	2060	2536	2038.281951
2080	2060	2536	2038.2870480000001
2084	2064	2536	2038.40274
2080	2060	2536	2038.432769
2080	2060	2536	2038.477935
2080	2060	2536	2038.483428
2080	2060	2536	2038.488128
2080	2064	2536	2038.498138
2080	2060	2536	2038.508148
2080	2060	2536	2038.558654
2080	2060	2536	2038.573547
2080	2060	2536	2038.578826
2080	2060	2536	2038.603881
2080	2056	2536	2038.613983
2080	2060	2536	2038.659271
2080	2060	2536	2038.664154
2080	2060	2536	2038.669097
2080	2060	2536	2038.684448
2080	2060	2536	2038.689453
2080	2060	2536	2038.704315
2080	2060	2532	2038.7648920000001
2080	2060	2532	2038.769866
2080	2060	2536	2038.774932
2080	2060	2536	2038.784881
2080	2060	2536	2038.794921
2080	2060	2536	2038.86026
2080	2060	2536	2038.870422
2080	2060	2540	2038.890594
2080	2060	2536	2038.910552
2080	2060	2536	2038.991027
2080	2060	2536	2038.996246
2080	2060	2536	2039.016296
2080	2060	2536	2039.021301
2080	2060	2540	2039.081787
2080	2060	2536	2039.086822
2080	2060	2536	2039.091644
2080	2060	2540	2039.10675
2080	2060	2540	2039.111816
2080	2060	2536	2039.136962
2080	2060	2532	2039.1872250000001
2080	2060	2536	2039.227539
2080	2060	2536	2039.242614
2076	2060	2536	2039.298065
2080	2060	2536	2039.3129880000001
2080	2060	2536	2039.317962
2080	2060	2536	2039.338195
2080	2060	2536	2039.3833610000001
2080	2060	2536	2039.3984679999999
2080	2060	2536	2039.4136039999999
2080	2064	2532	2039.423675
2080	2060	2536	2039.438842
2080	2060	2536	2039.494262
2080	2060	2540	2039.509155
2080	2060	2536	2039.519287
2080	2060	2536	2039.584594
2080	2064	2536	2039.604705
2080	2064	2536	2039.614807
2080	2064	2536	2039.62503
2080	2060	2532	2039.690582
2080	2060	2536	2039.700317
2080	2060	2536	2039.7255850000001
2080	2060	2536	2039.811126
2080	2060	2536	2039.831054
2080	2060	2536	2039.836029
2080	2060	2536	2039.906555
2080	2060	2536	2039.926666
2080	2060	2536	2039.972106
2080	2060	2536	2039.982147
2080	2060	2536	2039.9970389999999
2080	2060	2536	2040.002105
2076	2060	2536	2040.022216
2076	2060	2532	2040.077667
2080	2060	2536	2040.1177969999999
2080	2060	2536	2040.1228019999999
2080	2060	2532	2040.163116
2080	2060	2532	2040.1734609999999
2080	2060	2536	2040.183227
2080	2060	2536	2040.1983030000001
2080	2060	2532	2040.218414
2080	2060	2536	2040.279022
2080	2060	2536	2040.283782
2080	2060	2536	2040.3038940000001
2080	2060	2536	2040.324035
2080	2060	2532	2040.389404
2080	2060	2536	2040.404785
2080	2060	2536	2040.409606
2080	2060	2536	2040.414764
2080	2060	2532	2040.429626
2080	2060	2536	2040.479949
2080	2060	2536	2040.485046
2080	2060	2536	2040.48999
2080	2060	2536	2040.510131
2080	2060	2536	2040.520172
2080	2060	2536	2040.5302120000001
2080	2060	2536	2040.60086
2080	2060	2536	2040.610717
2080	2060	2532	2040.625793
2080	2060	2536	2040.7114860000001
2080	2060	2536	2040.71643
2080	2060	2536	2040.736633
2080	2060	2540	2040.741546
2080	2060	2536	2040.8019100000001
2080	2060	2536	2040.842163
2076	2060	2536	2040.847229
2080	2060	2536	2040.85733
2080	2060	2536	2040.9125669999999
2080	2060	2536	2040.927764
2080	2060	2536	2040.9379880000001
2080	2060	2536	2040.958038
2080	2060	2536	2041.0081169999999
2080	2060	2536	2041.01828
2080	2060	2536	2041.0282280000001
2080	2060	2536	2041.0332640000001
2080	2060	2536	2041.048339
2080	2064	2536	2041.098815
2080	2064	2536	2041.113677
2080	2060	2532	2041.118804
2080	2060	2536	2041.133911
2080	2060	2536	2041.214324
2080	2060	2536	2041.2295530000001
2080	2060	2536	2041.234497
2080	2060	2532	2041.2444759999998
2080	2060	2536	2041.300048
2080	2060	2536	2041.315032
2080	2060	2536	2041.324951
2080	2060	2536	2041.335113
2080	2060	2536	2041.340209
2080	2060	2536	2041.405456
2080	2060	2536	2041.415679
2080	2060	2536	2041.425872
2080	2060	2536	2041.440704
2080	2056	2536	2041.445739
2080	2060	2536	2041.4559020000002
2080	2060	2536	2041.506134
2080	2060	2536	2041.516265
2080	2064	2532	2041.53125
2080	2060	2532	2041.541473
2080	2060	2536	2041.606689
2080	2060	2536	2041.611877
2080	2060	2536	2041.631774
2080	2060	2536	2041.652008
2080	2060	2536	2041.662139
2080	2060	2540	2041.702514
2080	2064	2536	2041.722381
2080	2060	2532	2041.7427969999999
2080	2060	2532	2041.802856
2076	2060	2532	2041.8129880000001
2080	2060	2536	2041.82312
2076	2060	2536	2041.8382259999998
2080	2060	2536	2041.853149
2080	2060	2536	2041.898406
2080	2060	2536	2041.908477
2080	2060	2532	2041.918487
2080	2060	2532	2041.933593
2080	2060	2532	2042.004211
2076	2064	2532	2042.019104
2080	2060	2536	2042.099761
2076	2060	2536	2042.105072
2080	2060	2536	2042.12976
2080	2060	2536	2042.140136
2080	2060	2536	2042.195251
2080	2060	2536	2042.2005
2080	2060	2536	2042.2152700000001
2080	2060	2536	2042.23056
2076	2060	2536	2042.2454830000001
2080	2060	2536	2042.29074
2080	2060	2536	2042.300811
2080	2060	2536	2042.3259269999999
2080	2060	2536	2042.341064
2080	2060	2536	2042.346191
2080	2060	2536	2042.376495
2080	2064	2536	2042.386474
2080	2060	2536	2042.396545
2080	2060	2536	2042.406463
2080	2060	2536	2042.411468
2080	2060	2536	2042.421478
2080	2060	2536	2042.507232
2080	2060	2536	2042.532226
2080	2060	2536	2042.5372
2080	2060	2536	2042.547485
2076	2060	2532	2042.5976249999999
2076	2060	2536	2042.6025690000001
2080	2060	2536	2042.622894
2080	2060	2536	2042.62799
2080	2060	2536	2042.6429130000001
2080	2060	2536	2042.653259
2080	2060	2536	2042.698181
2080	2060	2536	2042.708435
2080	2060	2536	2042.718505
2080	2060	2536	2042.753753
2080	2060	2532	2042.8190610000001
2080	2060	2536	2042.823944
2080	2060	2536	2042.834075
2080	2060	2536	2042.854187
2080	2060	2532	2042.929595
2080	2060	2532	2042.9346
2080	2060	2532	2042.9448849999999
2080	2060	2536	2042.954772
2080	2060	2532	2042.969818
2080	2060	2536	2042.98001
2080	2060	2536	2043.030426
2080	2060	2536	2043.065399
2080	2060	2536	2043.0855099999999
2080	2060	2536	2043.1257620000001
2080	2060	2536	2043.140869
2080	2060	2536	2043.1559750000001
2080	2060	2536	2043.16098
2080	2060	2536	2043.231475
2080	2060	2536	2043.241638
2080	2060	2536	2043.246398
2080	2060	2536	2043.2565610000001
2080	2060	2536	2043.26651
2080	2060	2536	2043.347015
2080	2060	2536	2043.3621520000002
2080	2060	2536	2043.377227
2080	2060	2536	2043.382324
2080	2060	2536	2043.397613
2080	2060	2536	2043.447723
2080	2060	2536	2043.468109
2080	2060	2536	2043.492889
2080	2064	2536	2043.497955
2080	2060	2536	2043.563385
2080	2060	2536	2043.568511
2080	2060	2536	2043.588439
2080	2060	2536	2043.598724
2080	2060	2536	2043.608795
2080	2064	2536	2043.653839
2080	2064	2536	2043.6689139999999
2080	2064	2536	2043.679107
2080	2060	2536	2043.699279
2080	2060	2536	2043.7694999999999
2076	2060	2532	2043.799743
2080	2060	2532	2043.804809
2080	2060	2536	2043.90036
2080	2060	2536	2043.910369
2080	2060	2536	2043.920654
2080	2060	2536	2043.9405510000001
2080	2060	2536	2044.021026
2080	2060	2536	2044.031158
2080	2060	2536	2044.056488
2080	2060	2536	2044.121856
2080	2060	2536	2044.136779
2080	2060	2536	2044.141723
2080	2060	2536	2044.151947
2080	2060	2536	2044.1719659999999
2080	2064	2532	2044.23233
2080	2064	2532	2044.237518
2080	2060	2532	2044.2726440000001
2080	2060	2536	2044.2828359999999
2080	2064	2536	2044.363098
2080	2060	2536	2044.3833610000001
2080	2060	2536	2044.4136349999999
2080	2060	2536	2044.433563
2080	2060	2536	2044.443542
2080	2060	2532	2044.46878
2080	2060	2536	2044.519256
2080	2060	2536	2044.55429
2080	2060	2536	2044.564331
2080	2060	2536	2044.569427
2080	2060	2536	2044.605438
2080	2060	2536	2044.614746
2080	2060	2536	2044.619689
2080	2060	2536	2044.634704
2080	2060	2536	2044.644927
2080	2060	2536	2044.660034
2080	2060	2532	2044.73529
2080	2060	2532	2044.755401
2080	2060	2536	2044.775695
2080	2060	2536	2044.8258660000001
2080	2060	2536	2044.8308710000001
2080	2060	2536	2044.8460380000001
2080	2060	2536	2044.850982
2080	2060	2536	2044.866027
2080	2060	2536	2044.8712759999999
2080	2060	2536	2044.881347
2080	2060	2536	2044.961791
2080	2060	2536	2044.971893
2076	2060	2536	2044.996795
2080	2064	2532	2045.067718
2084	2060	2532	2045.08258
2088	2064	2536	2045.087432
2084	2060	2536	2045.1026299999999
2092	2064	2536	2045.107543
2088	2068	2540	2045.168029
2088	2064	2540	2045.192962
2084	2072	2544	2045.2132259999998
2084	2060	2536	2045.223175
2084	2052	2536	2045.293762
2084	2064	2536	2045.298706
2084	2060	2536	2045.303741
2084	2064	2532	2045.3339230000001
2080	2056	2536	2045.409332
2092	2068	2536	2045.414337
2084	2064	2536	2045.4294730000001
2080	2060	2536	2045.434448
2084	2064	2536	2045.4395140000001
2080	2060	2536	2045.504913
2084	2052	2536	2045.519989
2088	2064	2536	2045.5854789999999
2092	2056	2536	2045.595428
2084	2060	2536	2045.600463
2084	2064	2536	2045.620788
2088	2056	2536	2045.6307980000001
2080	2060	2536	2045.706054
2084	2076	2540	2045.716186
2092	2048	2536	2045.726318
2088	2048	2536	2045.731262
2084	2088	2540	2045.741241
2088	2076	2544	2045.746337
2088	2044	2536	2045.786712
2092	2032	2532	2045.8117670000001
2088	2068	2536	2045.831817
2088	2060	2532	2045.90216
2084	2092	2532	2045.907287
2080	2044	2536	2045.9173580000001
2080	2080	2532	2045.932403
2076	2056	2536	2045.9978019999999
2088	2080	2536	2046.013061
2080	2072	2540	2046.022949
2084	2040	2536	2046.027984
2104	2036	2536	2046.032928
2080	2072	2540	2046.048217
2100	2072	2536	2046.093383
2092	2040	2536	2046.1087029999999
2088	2040	2536	2046.188934
2080	2084	2528	2046.203979
2076	2048	2536	2046.214172
2092	2084	2528	2046.2290950000001
2076	2052	2532	2046.239379
2104	2040	2536	2046.2996210000001
2104	2056	2524	2046.304748
2096	2048	2540	2046.324676
2068	2084	2532	2046.339996
2092	2032	2540	2046.349884
2076	2096	2540	2046.415283
2100	2056	2532	2046.430358
2096	2076	2528	2046.460571
2092	2076	2540	2046.510833
2104	2044	2528	2046.520996
2068	2068	2540	2046.536132
2068	2044	2520	2046.541046
2088	2080	2520	2046.601684
2068	2048	2548	2046.6064139999999
2112	2056	2552	2046.641662
2088	2096	2516	2046.646575
2080	2080	2536	2046.7170409999999
2084	2072	2524	2046.737182
2092	2048	2536	2046.742187
2088	2068	2540	2046.7523489999999
2104	2068	2540	2046.792846
2084	2068	2536	2046.822631
2092	2044	2528	2046.832794
2100	2076	2536	2046.837738
2080	2076	2532	2046.842834
2080	2052	2536	2046.847808
2092	2076	2528	2046.903167
2080	2056	2536	2046.908142
2088	2064	2536	2046.918182
2084	2064	2528	2046.9284360000001
2080	2032	2536	2046.943389
2088	2064	2536	2046.978637
2088	2060	2536	2046.98883
2072	2088	2532	2046.993835
2100	2076	2540	2047.008758
2072	2088	2532	2047.074157
2060	2076	2532	2047.094482
2084	2016	2532	2047.099304
2100	2060	2532	2047.124603
2116	2060	2532	2047.215118
2068	2096	2524	2047.225097
2056	2112	2532	2047.240112
2060	2096	2528	2047.295593
2080	2036	2528	2047.300506
2120	2064	2524	2047.325683
2060	2036	2516	2047.335845
2096	2092	2516	2047.345794
2152	2040	2532	2047.411071
2052	2048	2528	2047.421264
2124	2052	2536	2047.4262079999999
2076	2052	2528	2047.441284
2076	2068	2540	2047.451324
2036	2048	2548	2047.5370480000001
2084	2056	2548	2047.542022
2044	2072	2540	2047.552093
2136	2076	2520	2047.627441
2040	2028	2544	2047.637573
2136	2096	2528	2047.6779470000001
2128	2064	2540	2047.722991
2124	2052	2540	2047.728027
2048	2032	2548	2047.733062
2112	2080	2524	2047.738525
2088	2068	2536	2047.753204
2048	2028	2528	2047.858978
2140	2088	2548	2047.8690179999999
2048	2052	2516	2047.893981
2112	2040	2532	2047.949432
2028	2024	2532	2047.969635
2096	2072	2504	2047.974517
2128	2056	2540	2047.979766
2052	2044	2536	0.029937
2148	2084	2548	0.039916
2068	2056	2532	0.045013
2160	2068	2536	0.054962
2044	2052	2520	0.065216
2108	2044	2532	0.115356
2128	2080	2504	0.13565
2100	2036	2520	0.145568
2048	2056	2516	0.155609
2068	2096	2540	0.200805
2072	2044	2548	0.221099
2084	2060	2560	0.236206
2072	2044	2528	0.306518
2076	2052	2536	0.321594
2132	2128	2560	0.326721
2084	2032	2540	0.3367
2136	2136	2556	0.341857
2120	2132	2556	0.356842
2100	2108	2552	0.40213
2068	2008	2560	0.412078
2104	2104	2552	0.447326
2116	2088	2552	0.452423
2060	2020	2552	0.457489
2096	2072	2528	0.537811
2124	2072	2528	0.557983
2072	2076	2532	0.568115
2120	2080	2532	0.57312
2064	2068	2524	0.583251
2076	2060	2528	0.628479
2080	2064	2540	0.643554
2092	2044	2564	0.653808
2080	2056	2552	0.65863
2112	2096	2696	0.739074
2092	2104	2676	0.759277
2068	2076	2664	0.769561
2084	2104	2664	0.784637
2120	2060	2660	0.78955
2080	2064	2628	0.885467
2096	2072	2632	0.890075
2060	2080	2632	0.900177
2052	2064	2620	0.915313
2100	2076	2628	0.920227
2088	2052	2616	0.930236
2092	2056	2612	0.935272
2092	2084	2596	1.005737
2064	2068	2584	1.015838
2080	2076	2592	1.035888
2092	2060	2592	1.046203
2088	2056	2596	1.050964
2096	2052	2592	1.116424
2096	2088	2584	1.126403
2092	2060	2588	1.1466669999999999
2088	2064	2428	1.217041
2100	2056	2400	1.232055
2068	2004	2372	1.252105
2112	2104	2376	1.262207
2104	2072	2356	1.332519
2068	2064	2352	1.342651
2088	2092	2352	1.362792
2052	2060	2388	1.428283
2116	2072	2380	1.433654
2052	2052	2412	1.443267
2108	2060	2400	1.453308
2068	2068	2412	1.463317
2116	2076	2404	1.468688
2084	2052	2448	1.523712
2096	2072	2428	1.533966
2088	2028	2456	1.543823
2092	2016	2492	1.639434
2076	2088	2496	1.6595149999999999
2096	2104	2516	1.664825
2068	2080	2504	1.6747130000000001
2072	2076	2504	1.689697
2108	2096	2536	1.7399900000000001
2116	2020	2540	1.7450860000000001
2064	2084	2532	1.750244
2124	2092	2556	1.770233
2092	2024	2536	1.775299
2096	2028	2544	1.790557
2096	2080	2544	1.855865
2060	2056	2540	1.865966
2096	2088	2548	1.885864
2112	2068	2552	1.891052
2112	2092	2568	1.916076
2124	2108	2560	1.931152
2084	2052	2552	1.9564810000000001
2092	2040	2556	1.9714049999999999
2064	2040	2556	1.981414
2124	2084	2568	1.991943
2088	2072	2560	2.001617
2112	2064	2564	2.006652
2092	2056	2556	2.011596
2100	2080	2548	2.03189
2076	2052	2544	2.04187
2104	2072	2552	2.13739
2100	2068	2544	2.16751
2100	2080	2548	2.177551
2120	2084	2544	2.238098
2084	2040	2544	2.242919
2080	2052	2540	2.258026
2116	2060	2552	2.268157
2092	2088	2536	2.278289
2112	2080	2540	2.283447
2104	2092	2528	2.353729
2044	2040	2520	2.363769
2124	2104	2528	2.383789
2132	2096	2536	2.399047
2056	2060	2516	2.409057
2072	2056	2528	2.469421
2076	2032	2516	2.479858
2124	2084	2528	2.504608
2060	2064	2508	2.569915
2112	2044	2528	2.579956
2116	2084	2516	2.590087
2052	2056	2516	2.600219
2092	2064	2500	2.620269
2056	2048	2512	2.675872
2108	2060	2512	2.680694
2064	2064	2508	2.690643
2076	2072	2512	2.6958
2068	2044	2512	2.705871
2120	2084	2528	2.715972
2100	2072	2520	2.725891
2056	2028	2516	2.796966
2052	2004	2528	2.81137
2132	2076	2552	2.82138
2064	2040	2528	2.841796
2056	2040	2544	2.88681
2112	2092	2560	2.906921
2072	2060	2552	2.917175
2112	2104	2572	2.922271
2128	2080	2568	2.937286
2084	2044	2576	3.002746
2112	2044	2568	3.027679
2080	2064	2556	3.032836
2092	2056	2552	3.042907
2080	2064	2544	3.0578909999999997
2092	2060	2552	3.148376
2096	2060	2552	3.163696
2124	2064	2548	3.198944
2084	2048	2528	3.203796
2100	2044	2532	3.218872
2108	2044	2544	3.229003
2096	2056	2524	3.233917
2072	2096	2540	3.239074
2092	2048	2540	3.2992850000000002
2092	2052	2524	3.31958
2092	2068	2540	3.324676
2088	2056	2524	3.334533
2120	2052	2540	3.344512
2088	2028	2532	3.404937
2084	2076	2512	3.425109
2080	2044	2524	3.435089
2096	2064	2536	3.44522
2084	2052	2524	3.450164
2100	2064	2512	3.455322
2128	2076	2524	3.500457
2092	2064	2528	3.5105589999999998
2120	2080	2520	3.515441
2084	2072	2524	3.540679
2068	2052	2516	3.550659
2092	2064	2520	3.591094
2092	2064	2516	3.606262
2052	2048	2512	3.6261900000000002
2124	2040	2488	3.706665
2084	2080	2484	3.711608
2116	2052	2488	3.721862
2068	2056	2484	3.731781
2064	2064	2492	3.746826
2124	2040	2496	3.752014
2076	2032	2516	3.85263
2084	2096	2516	3.86267
2108	2080	2516	3.877685
2088	2060	2508	3.888336
2076	2044	2524	3.958221
2088	2084	2532	3.968231
2072	2032	2532	3.973175
2096	2088	2532	3.983337
2076	2052	2532	3.98822
2096	2076	2532	4.013671
2092	2060	2536	4.068695
2092	2060	2544	4.078979
2096	2060	2556	4.088989
2068	2072	2544	4.098876
2080	2088	2556	4.159332
2124	2068	2572	4.164428
2080	2104	2568	4.189453
2088	2080	2548	4.199462
2100	2072	2552	4.21466
2108	2060	2564	4.285186
2080	2044	2548	4.315246
2068	2064	2560	4.411102
2072	2072	2576	4.425842
2092	2056	2556	4.436126
2108	2028	2564	4.627044
2080	2064	2544	4.647277
2068	2048	2544	4.652191
2092	2060	2552	4.662414
2104	2044	2540	4.70755
2068	2076	2532	4.712524
2080	2036	2532	4.737792
2064	2068	2536	4.742736
2104	2068	2548	4.763
2088	2020	2532	4.813171
2084	2088	2540	4.818206
2076	2044	2536	4.828247
2092	2040	2544	4.843292
2104	2080	2564	4.853485
2116	2096	2560	4.9137260000000005
2060	2016	2524	4.918823
2092	2096	2536	4.923919
2092	2104	2536	4.938934
2076	2080	2532	4.954071
2072	2080	2528	4.969299
2076	2028	2520	5.024414
2112	2048	2552	5.034484
2112	2044	2548	5.049926
2080	2092	2548	5.059661
2092	2056	2528	5.0697019999999995
2108	2036	2532	5.12564
2060	2064	2536	5.130218
2116	2012	2532	5.1400749999999995
2060	2104	2528	5.1451720000000005
2100	2012	2516	5.15512
2092	2060	2524	5.1703790000000005
2088	2088	2520	5.260864
2084	2040	2516	5.270874
2076	2096	2512	5.30606
2080	2044	2508	5.356414
2092	2036	2508	5.371643
2092	2056	2508	5.436889
2072	2060	2516	5.441894
2112	2060	2504	5.452087000000001
2120	2056	2528	5.461975
2116	2060	2528	5.477203
2096	2068	2524	5.5273129999999995
2072	2048	2528	5.532623
2092	2068	2520	5.5426020000000005
2084	2060	2536	5.5574639999999995
2128	2064	2552	5.5676570000000005
2064	2068	2544	5.572845
2092	2060	2544	5.577911
2092	2060	2544	5.622863000000001
2076	2064	2544	5.632995
2112	2076	2548	5.638031
2084	2052	2540	5.673522
2120	2072	2552	5.73883
2068	2072	2548	5.748687
2100	2060	2548	5.753662
2096	2084	2548	5.768981
2104	2076	2552	5.8544
2112	2060	2556	5.8695059999999994
2108	2068	2548	5.88446
2076	2048	2544	5.960266
2108	2076	2540	5.970062
2080	2076	2544	5.975189
2096	2048	2540	5.9850460000000005
2072	2068	2540	6.000244
2096	2052	2552	6.050445
2092	2060	2548	6.060516
2092	2064	2548	6.065643
2092	2060	2540	6.070648
2088	2060	2544	6.090576
2092	2060	2540	6.101043
2088	2060	2532	6.115783
2076	2052	2536	6.120819
2100	2068	2524	6.131042
2080	2060	2532	6.136108
2092	2048	2524	6.141143
2104	2072	2536	6.151
2108	2072	2532	6.166259
2080	2056	2528	6.171142
2080	2056	2524	6.24179
2104	2064	2544	6.251556
2084	2064	2540	6.261871
2088	2056	2540	6.276733
2080	2064	2540	6.281768
2092	2060	2548	6.337463
2092	2044	2528	6.357391
2088	2060	2532	6.362274
2064	2044	2536	6.367279
2088	2044	2544	6.382446
2104	2056	2540	6.392547
2088	2036	2528	6.458099
2084	2064	2544	6.462829
2072	2072	2532	6.478027
2120	2072	2552	6.483306
2096	2084	2548	6.49298
2092	2072	2552	6.538482
2096	2088	2556	6.553497
2096	2040	2540	6.558349
2092	2068	2536	6.563476
2112	2048	2556	6.568572
2088	2092	2540	6.578582
2096	2060	2552	6.5836179999999995
2116	2052	2536	6.633789
2072	2064	2548	6.638824
2124	2056	2548	6.6488949999999996
2080	2032	2548	6.659057
2092	2064	2544	6.669036
2088	2044	2548	6.674011
2104	2060	2548	6.719482
2116	2064	2552	6.734405
2112	2044	2544	6.739501
2112	2076	2548	6.749694
2088	2048	2548	6.764923
2116	2048	2540	6.769592
2072	2080	2536	6.774627
2076	2088	2544	6.820007
2080	2056	2536	6.830047
2060	2068	2536	6.8349910000000005
2096	2048	2532	6.845184
2068	2080	2532	6.850097
2096	2076	2536	6.855255
2084	2076	2532	6.925567
2100	2080	2552	6.930572
2072	2088	2540	6.940795
2076	2084	2536	6.955718
2104	2080	2548	6.960754
2072	2088	2540	6.970794
2032	2024	2532	6.981201
2100	2064	2556	7.02124
2068	2092	2544	7.031127
2100	2072	2548	7.036346
2044	2032	2540	7.041412
2088	2056	2560	7.05133
2092	2060	2556	7.066467
2044	2060	2544	7.0715330000000005
2060	2072	2552	7.1116019999999995
2124	2076	2552	7.121704
2060	2064	2556	7.126678
2040	2064	2548	7.131774
2064	2060	2548	7.146942
2088	2064	2548	7.1519770000000005
2052	2028	2548	7.1620170000000005
2100	2064	2540	7.167022
2064	2036	2544	7.207336
2064	2032	2536	7.222381
2064	2044	2556	7.232391
2076	2100	2536	7.242279
2068	2032	2528	7.252471
2076	2088	2548	7.303008999999999
2076	2036	2544	7.30783
2064	2064	2528	7.312866
2076	2092	2544	7.31784
2088	2036	2544	7.322845
2084	2092	2536	7.333007
2076	2040	2552	7.338073
2088	2084	2544	7.348144
2048	2080	2532	7.418395
2052	2024	2540	7.428833
2052	2028	2540	7.443664
2088	2084	2552	7.453582
2088	2056	2528	7.539306
2088	2060	2528	7.54425
2092	2052	2540	7.549285
2108	2028	2540	7.564422
2068	2080	2536	7.574339999999999
2088	2044	2532	7.579345
2072	2068	2540	7.589508
2056	2068	2536	7.6145320000000005
2056	2092	2560	7.619659
2052	2044	2536	7.639801
2056	2080	2544	7.645233
2060	2076	2556	7.649841
2048	2072	2536	7.659851
2064	2084	2560	7.6651299999999996
2048	2084	2556	7.740234
2064	2072	2532	7.750488
2020	2020	2552	7.760711000000001
2072	2080	2568	7.770507
2036	2008	2544	7.775482
2056	2092	2532	7.780578
2048	2016	2556	7.790863
2060	2084	2536	7.795806
2064	2064	2568	7.845916
2020	2048	2520	7.871154
2016	2060	2520	7.886138
2072	2088	2556	7.8912960000000005
2032	2044	2536	7.946685
2040	2044	2540	7.961578
2072	2052	2544	7.987213000000001
2048	2052	2544	7.991943
2048	2084	2544	7.996826
2064	2048	2556	8.052429
2088	2088	2564	8.062225
2040	2072	2564	8.072357
2088	2084	2568	8.077362
2048	2068	2572	8.087493
2056	2044	2576	8.097412
2044	2064	2552	8.162719
2100	2076	2564	8.167877
2052	2064	2548	8.177825
2084	2064	2560	8.197998
2064	2052	2568	8.203002
2040	2060	2552	8.208007
2048	2040	2540	8.253265
2032	2028	2536	8.268737
2100	2072	2560	8.273712
2032	2032	2532	8.28363
2080	2060	2556	8.293518
2044	2020	2536	8.298614
2076	2080	2556	8.308685
2076	2060	2548	8.368957
2064	2020	2552	8.373901
2068	2080	2552	8.384063
2072	2056	2556	8.399169
2092	2084	2536	8.409271
2076	2072	2552	8.414337
2060	2024	2544	8.419281
2084	2016	2552	8.464508
2084	2072	2552	8.474945
2096	2056	2544	8.504669
2084	2020	2540	8.51007
2052	2092	2540	8.515014
2112	2064	2548	8.565063
2072	2032	2536	8.570068
2064	2076	2540	8.575286
2128	2068	2540	8.58023
2080	2036	2536	8.585235
2060	2080	2532	8.590423
2084	2028	2536	8.600311
2120	2064	2544	8.610504
2096	2080	2528	8.680847
2096	2064	2524	8.695831
2128	2052	2528	8.700927
2044	2040	2528	8.706115
2132	2056	2532	8.716217
2116	2068	2532	8.726013
2088	2060	2524	8.76126
2108	2048	2524	8.791534
2072	2052	2520	8.796569
2092	2064	2528	8.806549
2104	2048	2524	8.816589
2092	2024	2524	8.866973
2124	2092	2532	8.877258
2116	2068	2532	8.891998
2080	2064	2520	8.902221
2100	2084	2536	8.907073
2116	2060	2536	8.96759
2100	2032	2512	8.972442000000001
2112	2048	2536	8.982543
2128	2072	2540	8.997924
2092	2020	2512	9.002593000000001
2132	2036	2540	9.012756
2096	2028	2508	9.0177
2076	2116	2540	9.022979
2112	2040	2520	9.047912
2124	2040	2552	9.057983
2104	2044	2524	9.063171
2080	2104	2548	9.067932
2096	2060	2516	9.078247
2108	2028	2544	9.088287
2088	2064	2524	9.093292
2124	2036	2544	9.10324
2088	2072	2524	9.153686
2088	2060	2532	9.168701
2076	2024	2524	9.173706
2132	2064	2536	9.178771
2100	2048	2536	9.188842
2112	2056	2540	9.194091
2100	2060	2524	9.279357000000001
2124	2064	2544	9.284362
2072	2056	2524	9.294342
2068	2052	2532	9.304473
2052	2044	2532	9.319702
2076	2040	2540	9.364837
2124	2076	2532	9.369812
2068	2028	2528	9.379852
2064	2044	2540	9.395202
2072	2040	2540	9.409973
2116	2044	2536	9.480651
2116	2100	2556	9.500914999999999
2140	2048	2572	9.505584
2116	2108	2568	9.515838
2136	2044	2568	9.520996
2112	2104	2560	9.530822
2148	2068	2560	9.535797
2116	2072	2572	9.591186
2128	2072	2548	9.601287
2124	2044	2564	9.611267
2092	2044	2564	9.621215
2132	2064	2556	9.631408
2124	2064	2572	9.636505
2112	2056	2572	9.641539999999999
2088	2060	2556	9.726989
2088	2048	2552	9.742004
2136	2084	2564	9.747222
2092	2048	2560	9.757293
2096	2056	2564	9.802459
2108	2052	2564	9.812591
2136	2056	2568	9.822509
2084	2068	2564	9.827514
2136	2024	2568	9.837738
2112	2076	2564	9.847808
2120	2064	2576	9.907958
2136	2052	2560	9.913391
2128	2076	2572	9.923187
2084	2060	2580	9.933197
2136	2048	2580	9.93814
2116	2052	2568	9.943328000000001
2108	2056	2552	9.988433
2124	2084	2592	9.993438
2116	2072	2584	10.008728
2116	2088	2576	10.023620000000001
2108	2040	2576	10.028717
2108	2076	2576	10.03894
2128	2052	2560	10.104156
2112	2064	2544	10.109313
2076	2052	2552	10.114166
2120	2072	2556	10.119323
2128	2040	2560	10.134277
2112	2032	2556	10.149414
2132	2068	2552	10.205138999999999
2100	2072	2540	10.219818
2084	2048	2520	10.229858
2092	2088	2536	10.235046
2080	2048	2528	10.245117
2112	2052	2544	10.255004
2104	2060	2524	10.260101
2088	2052	2532	10.325531
2108	2032	2532	10.330413
2084	2084	2516	10.350738
2092	2064	2532	10.355682
2100	2032	2524	10.375762
2084	2064	2532	10.385772
2068	2084	2524	10.395782
2092	2040	2528	10.401153
2072	2024	2528	10.415924
2088	2056	2536	10.516539999999999
2052	2040	2524	10.521667
2040	2056	2524	10.536681999999999
2064	2068	2532	10.551757
2084	2092	2528	10.556701
2064	2040	2532	10.567108000000001
2064	2064	2536	10.597106
2064	2060	2548	10.607147
2056	2044	2540	10.612243
2060	2060	2532	10.627319
2084	2080	2536	10.632385
2072	2052	2552	10.637267999999999
2052	2064	2556	10.652343
2076	2052	2536	10.702667
2072	2092	2544	10.707672
2064	2060	2548	10.898742
2100	2104	2544	10.903839
2096	2096	2548	10.918945
2080	2060	2528	10.929168
2056	2024	2548	10.939056
2104	2104	2548	10.949157
2064	2076	2528	11.004547
2080	2060	2544	11.009521
2080	2056	2548	11.024536
2072	2068	2544	11.039581
2068	2044	2548	11.044737999999999
2052	2068	2548	11.050048
2068	2036	2540	11.059692
2088	2080	2556	11.115081
2080	2052	2552	11.120147
2072	2076	2556	11.13031
2064	2056	2556	11.145263
2060	2056	2544	11.150482
2060	2068	2556	11.200561
2036	2028	2544	11.210723
2008	2012	2544	11.226013
2068	2068	2544	11.230743
2108	2076	2556	11.235717000000001
2048	2100	2548	11.246093
2068	2080	2560	11.31137
2064	2064	2540	11.32138
2072	2060	2532	11.336364
2064	2096	2564	11.341460999999999
2044	2020	2556	11.346588
2076	2068	2544	11.351409
2060	2076	2552	11.356536
2068	2076	2552	11.401855000000001
2056	2032	2548	11.421875
2052	2068	2528	11.42694
2068	2040	2548	11.437194
2076	2032	2556	11.452239
2076	2052	2556	11.497344
2064	2076	2536	11.522583000000001
2088	2056	2540	11.527587
2044	2048	2544	11.532653
2076	2068	2540	11.542724
2080	2072	2536	11.587829
2088	2072	2556	11.592895
2064	2072	2548	11.602996000000001
2096	2072	2556	11.608215
2088	2076	2552	11.622985
2048	2024	2552	11.628204
2072	2060	2540	11.633117
2068	2024	2552	11.688537
2064	2068	2560	11.693634
2076	2044	2544	11.708435
2092	2108	2556	11.713562
2036	2020	2560	11.718536
2084	2076	2552	11.738890999999999
2076	2064	2544	11.753784
2084	2072	2556	11.758849999999999
2064	2036	2560	11.763854
2080	2068	2540	11.769165000000001
2072	2036	2564	11.779052
2080	2080	2560	11.789000999999999
2084	2084	2564	11.80429
2084	2036	2556	11.869537000000001
2104	2092	2564	11.87973
2108	2084	2564	11.894744
2112	2072	2552	11.909790000000001
2048	2064	2536	11.919708
2124	2088	2552	11.924835
2068	2044	2548	12.005431999999999
2108	2080	2544	12.015441
2048	2044	2544	12.035461
2080	2084	2540	12.040496000000001
2120	2076	2544	12.045501
2056	2028	2540	12.050659
2108	2084	2548	12.09085
2112	2076	2540	12.100952
2108	2080	2540	12.105895
2048	2024	2536	12.1109
2116	2084	2540	12.120971
2072	2036	2536	12.141174
2100	2068	2540	12.146270000000001
2124	2080	2528	12.191528
2088	2024	2536	12.201446
2084	2060	2548	12.211608
2120	2092	2532	12.221527
2100	2020	2540	12.231628
2096	2076	2540	12.241638
2120	2064	2524	12.292235999999999
2116	2052	2532	12.307037000000001
2080	2048	2536	12.317077000000001
2076	2036	2536	12.332336
2100	2072	2536	12.33731
2076	2044	2532	12.347290000000001
2084	2064	2528	12.422882
2136	2060	2552	12.427734000000001
2100	2036	2524	12.447875
2068	2076	2528	12.453185999999999
2092	2052	2516	12.508239
2100	2044	2512	12.523315
2104	2096	2548	12.52835
2084	2036	2512	12.538543
2092	2060	2520	12.553741
2104	2100	2544	12.558532
2128	2056	2548	12.563568
2088	2068	2536	12.614074
2108	2068	2540	12.61914
2128	2032	2540	12.624053
2116	2088	2536	12.633972
2120	2060	2548	12.6492
2104	2084	2540	12.719818
2096	2036	2536	12.724516999999999
2100	2056	2536	12.739685
2092	2060	2536	12.744903
2132	2068	2548	12.749786
2092	2076	2536	12.759765
2104	2040	2524	12.769805
2072	2072	2536	12.825103
2108	2060	2532	12.835266
2076	2064	2536	12.850341
2056	2040	2524	12.855407
2092	2068	2532	12.865417
2136	2088	2536	12.875457
2152	2084	2548	12.905609
2132	2044	2532	12.92575
2088	2072	2540	12.945983
2148	2052	2556	12.950835999999999
2108	2084	2556	13.006286
2100	2068	2540	13.016357
2132	2056	2560	13.041503
2116	2056	2540	13.046478
2132	2080	2568	13.051390999999999
2104	2060	2544	13.106902999999999
2120	2060	2560	13.116973
2112	2052	2552	13.121856000000001
2092	2068	2556	13.202514
2116	2068	2564	13.207427
2148	2064	2552	13.212371000000001
2112	2076	2548	13.227447
2128	2048	2560	13.237701
2136	2060	2548	13.242706
2128	2052	2548	13.257781
2092	2072	2564	13.307983
2148	2040	2552	13.313049
2120	2064	2532	13.318023
2128	2060	2532	13.333221
2120	2060	2532	13.348265999999999
2144	2052	2556	13.358184
2076	2036	2532	13.408508
2156	2056	2564	13.418945
2100	2096	2552	13.428802000000001
2088	2056	2536	13.438751
2092	2080	2524	13.453796
2132	2036	2552	13.494079
2096	2092	2528	13.49942
2136	2016	2552	13.509185
2116	2100	2544	13.519165000000001
2136	2048	2556	13.52423
2132	2068	2552	13.53421
2080	2084	2548	13.544494
2128	2056	2564	13.599609000000001
2124	2048	2560	13.609771
2144	2052	2572	13.614715
2124	2056	2560	13.624969
2156	2048	2584	13.629943
2076	2056	2576	13.634979
2088	2080	2580	13.649932
2084	2052	2580	13.695343000000001
2108	2036	2572	13.705474
2084	2048	2576	13.710388
2132	2052	2528	13.720489
2100	2056	2480	13.735504
2120	2088	2440	13.745605
2084	2048	2336	13.765686
2064	2052	2316	13.770751
2092	2064	2308	13.785888
2072	2012	2328	13.800933
2100	2060	2344	13.810913
2068	2020	2456	13.901641
2128	2084	2472	13.91156
2084	2056	2456	13.921752
2104	2012	2472	13.931671
2144	2028	2500	13.946929
2076	2024	2460	13.951934
2088	2024	2476	14.012207
2096	2120	2464	14.0372
2060	2048	2484	14.042297
2104	2048	2468	14.047271
2060	2036	2492	14.057403
2036	2040	2468	14.122802
2100	2100	2484	14.127777
2060	2020	2472	14.137847
2088	2124	2476	14.143005
2068	1988	2484	14.152893
2068	2100	2460	14.157989
2048	2088	2464	14.173095
2096	2036	2520	14.228332
2112	2040	2484	14.233612
2064	2040	2520	14.24353
2104	2028	2484	14.248626
2084	2052	2496	14.263671
2100	2064	2520	14.314056
2112	2048	2544	14.318939
2108	2052	2512	14.344329
2056	2076	2496	14.3544
2096	2088	2512	14.359069
2112	2044	2540	14.364166
2104	2084	2528	14.424652
2068	2080	2524	14.449951
2080	2048	2536	14.459686
2092	2092	2532	14.469909
2108	2048	2540	14.475006
2092	2020	2532	14.525085
2128	2076	2544	14.535125
2032	2076	2524	14.54541
2088	2024	2536	14.555267
2116	2076	2536	14.565338
2040	2068	2516	14.575592
2084	2044	2556	14.620666
2088	2044	2576	14.635894
2104	2048	2592	14.650817
2112	2064	2596	14.666015
2088	2036	2572	14.671997000000001
2092	2044	2568	14.731292
2124	2072	2564	14.741546
2108	2048	2560	14.74652
2136	2064	2564	14.761505
2068	2068	2548	14.781555
2132	2036	2556	14.852081
2120	2068	2548	14.857054999999999
2048	2072	2576	14.86203
2256	2076	2748	14.877165999999999
2704	2100	3128	14.887207
2040	1944	2152	14.947692
2056	2164	2192	14.952575
1948	1972	2236	14.967834
1948	1980	2388	14.977874
2080	2068	2332	15.033142
2032	1968	2392	15.043243
2116	2104	2600	15.058227
2108	2096	2624	15.063354
2104	2036	2600	15.073242
2112	2084	2564	15.078338
2088	2060	2532	15.133666
2088	2064	2536	15.158905
2092	2060	2536	15.163726
2092	2060	2532	15.178985
2088	2056	2532	15.183868
2088	2064	2536	15.244537000000001
2092	2060	2532	15.249328
2092	2064	2536	15.25949
2092	2064	2536	15.279449
2088	2060	2532	15.284454
2092	2056	2532	15.32489
2092	2064	2532	15.334807999999999
2096	2068	2536	15.350646000000001
2096	2048	2532	15.359985
2092	2072	2532	15.370056
2092	2056	2536	15.425323
2096	2068	2536	15.43045
2088	2060	2536	15.435424000000001
2088	2060	2536	15.450469
2100	2056	2540	15.46051
2088	2060	2536	15.470733
2096	2060	2536	15.475646000000001
2088	2060	2536	15.525848
2084	2060	2536	15.53598
2088	2060	2532	15.546081000000001
2088	2060	2536	15.571166
2088	2060	2536	15.576141
2088	2060	2536	15.621398
2088	2060	2536	15.631651999999999
2088	2060	2536	15.636566
2088	2060	2536	15.646728
2088	2060	2536	15.656616
2088	2060	2536	15.677062
2088	2060	2536	15.742187
2088	2064	2536	15.752319
2088	2064	2536	15.757324
2088	2064	2536	15.767272
2088	2064	2536	15.777526
2088	2064	2536	15.782409
2088	2060	2536	15.842987
2088	2060	2536	15.852844000000001
2088	2060	2536	15.857849
2088	2060	2536	15.862854
2088	2060	2536	15.873321
2088	2060	2536	15.882995000000001
2088	2060	2536	15.888061
2088	2060	2536	15.923248000000001
2088	2060	2536	15.948333
2088	2060	2536	15.953582
2088	2060	2532	15.968505
2088	2060	2532	15.973693
2088	2060	2532	15.978454
2088	2060	2532	16.039093
2088	2060	2536	16.05899
2088	2060	2536	16.069091
2088	2060	2536	16.074401
2088	2060	2536	16.084259
2088	2064	2536	16.124389
2088	2060	2536	16.129425
2088	2064	2532	16.139739
2088	2060	2536	16.159729
2088	2060	2532	16.230041
2088	2060	2536	16.235351
2088	2060	2532	16.255126
2088	2064	2532	16.260223
2088	2060	2536	16.265228
2088	2060	2532	16.275482
2088	2060	2532	16.345703
2088	2064	2532	16.350708
2088	2064	2536	16.36087
2088	2064	2536	16.370849
2088	2060	2536	16.396301
2088	2060	2536	16.401
2088	2060	2532	16.45639
2088	2060	2536	16.461547
2088	2064	2536	16.476593
2088	2060	2536	16.486572
2088	2060	2536	16.491607
2088	2060	2536	16.506683
2088	2064	2532	16.551971
2088	2060	2532	16.562164
2088	2060	2532	16.567077
2088	2060	2532	16.572052
2088	2060	2536	16.577056
2088	2060	2536	16.592315
2088	2060	2536	16.597473
2088	2060	2536	16.632415
2088	2060	2536	16.637817
2088	2060	2536	16.647583
2088	2060	2536	16.657745
2088	2064	2536	16.667694
2088	2060	2536	16.718048
2088	2060	2536	16.733001
2088	2060	2536	16.753021
2088	2060	2536	16.758422
2088	2060	2536	16.773193
2088	2060	2536	16.818511
2088	2060	2532	16.833526
2088	2060	2532	16.843658
2088	2060	2532	16.858795
2088	2060	2532	16.868713
2088	2060	2536	16.924102
2088	2060	2536	16.944183
2088	2060	2536	16.949157
2088	2060	2536	16.959442
2088	2060	2536	16.974395
2088	2060	2532	17.029693
2088	2060	2536	17.034729
2088	2060	2536	17.05017
2088	2060	2536	17.06488
2088	2060	2536	17.07492
2088	2060	2536	17.085266
2088	2060	2536	17.140319
2088	2060	2536	17.145446
2088	2060	2536	17.150543
2088	2060	2532	17.170532
2088	2060	2532	17.180725
2088	2060	2536	17.220825
2088	2064	2536	17.235839
2088	2064	2536	17.246124000000002
2088	2064	2536	17.25595
2088	2060	2536	17.276245
2088	2060	2536	17.321502
2088	2060	2532	17.326446
2088	2060	2532	17.336395
2088	2060	2536	17.341583
2088	2060	2536	17.361755
2088	2060	2536	17.366638000000002
2088	2060	2536	17.436981
2088	2060	2536	17.442382
2088	2060	2536	17.447174
2088	2060	2536	17.452148
2088	2060	2532	17.482452
2088	2060	2532	17.487457
2088	2060	2532	17.542755
2088	2060	2532	17.552764
2088	2060	2532	17.562896
2088	2060	2532	17.56784
2088	2060	2532	17.57785
2088	2060	2536	17.587921
2088	2060	2536	17.603271
2088	2060	2536	17.618103
2088	2060	2536	17.628204
2088	2060	2536	17.638397
2088	2060	2536	17.65332
2088	2056	2536	17.769165
2088	2060	2536	17.774047
2088	2060	2536	17.779083
2088	2060	2536	17.784118
2088	2060	2536	17.799285
2088	2064	2536	17.809204
2084	2060	2536	17.854430999999998
2084	2060	2536	17.859497
2088	2060	2536	17.869476
2088	2060	2536	17.904724
2088	2064	2536	17.90982
2088	2060	2536	17.965393
2088	2060	2536	17.970123
2088	2060	2536	17.980163
2088	2060	2536	17.985168
2088	2060	2536	18.010406
2088	2060	2536	18.050567
2088	2060	2536	18.055633
2088	2060	2536	18.060791000000002
2088	2060	2536	18.065673
2088	2060	2536	18.075744
2088	2060	2536	18.085937
2088	2060	2536	18.091094
2088	2060	2536	18.105957
2088	2060	2536	18.151184
2088	2060	2536	18.171386
2088	2060	2536	18.1763
2088	2060	2536	18.186431
2088	2060	2536	18.251831
2088	2060	2536	18.257019
2088	2060	2536	18.27185
2088	2060	2536	18.276885
2088	2060	2536	18.291961
2088	2060	2536	18.302032
2088	2060	2536	18.307037
2088	2060	2536	18.372467
2088	2060	2536	18.387695
2088	2060	2536	18.392516999999998
2088	2060	2536	18.402587
2088	2060	2536	18.468048
2088	2060	2536	18.473114
2088	2060	2536	18.478118
2088	2060	2536	18.48822
2088	2060	2536	18.503173
2088	2060	2536	18.523345
2088	2060	2532	18.568908
2088	2060	2536	18.588775
2088	2060	2536	18.59378
2088	2060	2536	18.614013
2088	2060	2536	18.618957
2088	2060	2536	18.623992
2088	2060	2536	18.654144
