12	104	-26	2017.5542599999999
11	106	-26	2017.564178
12	105	-25	2017.569152
11	104	-26	2017.579223
11	107	-28	2017.589447
12	104	-27	2017.599487
11	106	-26	2017.6044
9	103	-25	2017.629547
12	104	-26	2017.634521
12	104	-29	2017.640075
12	105	-27	2017.644653
11	103	-24	2017.6552120000001
13	105	-26	2017.664733
11	106	-25	2017.66983
11	105	-25	2017.674835
11	104	-26	2017.710052
11	104	-26	2017.720367
13	105	-26	2017.725128
11	105	-26	2017.730102
12	105	-27	2017.735168
10	105	-25	2017.750366
10	104	-25	2017.755279
12	102	-25	2017.760498
10	105	-26	2017.810546
11	104	-25	2017.815765
10	102	-24	2017.820678
10	104	-27	2017.825683
10	104	-26	2017.830841
11	103	-25	2017.8357839999999
9	105	-27	2017.8510430000001
11	103	-27	2017.855865
11	105	-26	2017.86087
11	104	-25	2017.8659360000001
12	103	-26	2017.976776
12	104	-26	2017.986633
11	105	-25	2017.996734
11	105	-27	2018.001861
10	106	-26	2018.006713
11	103	-27	2018.012115
12	104	-25	2018.016845
10	103	-26	2018.026885
10	103	-25	2018.172882
13	105	-26	2018.1828
10	106	-26	2018.192901
11	102	-25	2018.1978450000001
12	105	-26	2018.203094
10	103	-24	2018.208099
12	103	-24	2018.213012
11	104	-27	2018.2180170000001
11	105	-27	2018.223114
11	104	-26	2018.4242239999999
11	106	-27	2018.429199
12	102	-25	2018.434417
12	106	-26	2018.4393
11	105	-25	2018.444488
11	105	-26	2018.4494009999999
10	104	-26	2018.454406
11	104	-24	2018.464477
11	106	-25	2018.469665
11	106	-26	2018.4745480000001
11	103	-26	2018.479583
11	104	-25	2018.625457
12	105	-26	2018.635437
12	104	-26	2018.6457209999999
10	106	-25	2018.655731
12	104	-26	2018.660614
11	105	-26	2018.6658320000001
12	104	-27	2018.675781
12	106	-28	2018.776336
13	104	-26	2018.786407
11	104	-25	2018.796417
11	104	-27	2018.806732
11	104	-26	2018.816619
12	105	-26	2018.822448
11	104	-26	2019.048309
11	104	-27	2019.057891
11	105	-25	2019.063079
12	105	-26	2019.068084
10	104	-25	2019.073089
10	104	-25	2019.0781550000002
10	105	-26	2019.093261
11	104	-27	2019.2641899999999
12	104	-25	2019.269226
10	106	-25	2019.284332
11	103	-28	2019.299377
9	105	-26	2019.309509
11	104	-26	2019.31961
11	107	-25	2019.445465
11	103	-27	2019.4505
12	106	-27	2019.460327
10	105	-26	2019.470703
10	104	-26	2019.475708
11	104	-27	2019.480438
12	104	-27	2019.4906919999999
9	106	-27	2019.495574
9	104	-27	2019.500946
10	103	-26	2019.505584
11	105	-27	2019.586151
11	105	-25	2019.596221
11	105	-26	2019.606445
10	103	-25	2019.611541
11	105	-26	2019.6163940000001
13	104	-26	2019.626495
12	105	-27	2019.631408
12	105	-27	2019.742187
11	104	-26	2019.752044
11	103	-27	2019.757171
13	105	-25	2019.772583
11	105	-26	2019.787231
10	104	-26	2019.797332
12	103	-27	2019.9130850000001
11	105	-26	2019.923278
11	105	-26	2019.92807
11	105	-26	2019.9334410000001
9	105	-25	2019.938201
12	104	-26	2019.948181
12	105	-26	2019.958251
11	105	-27	2020.084106
12	105	-25	2020.094329
11	106	-27	2020.1091609999999
10	104	-26	2020.114257
10	104	-28	2020.124298
12	105	-26	2020.129425
11	103	-26	2020.255187
11	104	-26	2020.260253
11	103	-26	2020.265136
11	104	-26	2020.27008
10	104	-28	2020.285217
11	104	-26	2020.295593
10	104	-25	2020.39096
11	104	-25	2020.4060359999999
10	106	-27	2020.436309
12	105	-27	2020.516632
12	105	-27	2020.521728
11	103	-25	2020.531646
11	105	-24	2020.541748
12	104	-28	2020.5519100000001
12	104	-26	2020.566925
11	108	-27	2020.6525259999999
11	105	-24	2020.657531
12	105	-26	2020.677764
13	104	-28	2020.697814
13	102	-27	2020.7840270000002
11	106	-27	2020.7883299999999
11	104	-28	2020.803253
12	103	-28	2020.813476
11	104	-26	2020.818481
12	104	-25	2020.82846
11	105	-27	2020.888854
11	105	-26	2020.893859
11	106	-26	2020.903839
13	103	-26	2020.918945
10	104	-26	2020.929077
12	103	-26	2020.939239
9	105	-26	2020.944702
11	106	-26	2021.004455
11	105	-25	2021.009674
10	104	-25	2021.014465
11	105	-26	2021.019744
12	104	-24	2021.034606
10	105	-25	2021.04486
12	105	-26	2021.054809
12	105	-27	2021.145294
12	104	-25	2021.160369
10	104	-25	2021.1806940000001
11	103	-26	2021.195526
10	104	-26	2021.286437
11	104	-26	2021.296478
11	105	-27	2021.31134
11	104	-29	2021.3163140000001
10	104	-26	2021.331451
13	104	-27	2021.4874260000001
13	104	-28	2021.49237
12	103	-26	2021.502716
13	105	-26	2021.512481
13	105	-28	2021.522766
11	103	-26	2021.5428160000001
9	105	-27	2021.613067
12	104	-26	2021.628326
11	105	-26	2021.633178
11	103	-25	2021.648254
11	105	-25	2021.663665
11	103	-25	2021.733825
11	104	-26	2021.753906
11	106	-25	2021.769012
11	104	-25	2021.8092040000001
11	103	-26	2021.8193350000001
12	103	-27	2021.8293760000001
11	106	-26	2021.839355
10	106	-26	2021.894775
10	104	-27	2021.904937
11	105	-26	2021.920196
10	104	-25	2021.9299310000001
10	105	-27	2021.94522
12	105	-27	2021.950042
10	104	-25	2021.980224
11	106	-27	2021.990478
11	104	-27	2022.010467
10	105	-27	2022.0206600000001
10	103	-24	2022.06076
11	104	-26	2022.0708
12	104	-24	2022.086212
10	104	-25	2022.100982
12	106	-27	2022.106231
11	103	-26	2022.116302
10	105	-25	2022.1563409999999
11	106	-27	2022.166381
10	103	-27	2022.18164
12	103	-25	2022.196502
12	105	-26	2022.231872
12	104	-24	2022.24179
11	104	-26	2022.2520140000001
11	105	-27	2022.26712
11	105	-27	2022.312561
11	104	-26	2022.322296
13	105	-27	2022.332336
11	105	-27	2022.352508
11	102	-28	2022.367584
10	103	-27	2022.407745
11	105	-25	2022.4178769999999
10	105	-25	2022.422851
11	104	-26	2022.4329520000001
11	105	-26	2022.443115
12	104	-26	2022.448059
11	105	-27	2022.493286
11	103	-27	2022.503295
9	103	-26	2022.5184319999998
12	105	-26	2022.523406
12	105	-26	2022.543701
11	104	-25	2022.589019
12	103	-27	2022.598907
11	104	-26	2022.6140129999999
12	105	-24	2022.669555
10	103	-27	2022.679412
12	104	-27	2022.694732
10	103	-26	2022.795135
12	106	-25	2022.80014
11	105	-25	2022.840393
11	103	-26	2022.850402
9	105	-24	2022.865753
13	104	-26	2022.920806
12	104	-26	2022.925964
12	105	-25	2022.940948
11	105	-26	2022.945983
10	105	-26	2022.966186
11	104	-26	2022.996429
12	104	-25	2023.0013119999999
11	103	-24	2023.011444
11	104	-25	2023.0415950000001
11	103	-25	2023.051574
11	105	-25	2023.132171
10	103	-25	2023.137054
11	104	-27	2023.1421500000001
9	103	-26	2023.217498
12	104	-27	2023.227844
11	105	-23	2023.242706
11	103	-25	2023.2527770000002
11	104	-26	2023.257934
11	103	-25	2023.343292
10	103	-27	2023.348419
11	104	-24	2023.378448
11	104	-27	2023.4287709999999
12	104	-26	2023.454132
11	102	-26	2023.469055
11	104	-26	2023.564636
12	104	-26	2023.574768
11	104	-25	2023.58963
12	104	-27	2023.59494
11	105	-25	2023.650238
11	106	-27	2023.660278
11	104	-25	2023.6753840000001
11	104	-28	2023.695373
11	105	-27	2023.770843
11	104	-26	2023.78601
13	105	-25	2023.8160090000001
12	104	-25	2023.876739
12	105	-26	2023.881408
11	104	-26	2023.886535
11	104	-26	2023.916839
10	106	-26	2023.921752
11	105	-27	2023.9771719999999
9	103	-27	2023.992065
11	105	-27	2023.997619
11	104	-26	2024.007415
11	105	-27	2024.012481
12	105	-25	2024.027282
11	106	-27	2024.102844
11	103	-27	2024.108001
10	104	-27	2024.118011
11	106	-24	2024.127929
12	103	-27	2024.163238
11	104	-24	2024.173492
11	105	-26	2024.1932980000001
11	103	-25	2024.208557
12	105	-26	2024.263641
12	104	-26	2024.273773
12	106	-28	2024.2789910000001
12	104	-27	2024.283813
12	104	-28	2024.288879
10	105	-25	2024.293884
9	104	-26	2024.304138
12	105	-26	2024.31961
10	103	-27	2024.384521
12	104	-26	2024.39981
11	104	-27	2024.419647
11	102	-24	2024.465209
12	104	-26	2024.480133
12	105	-24	2024.485076
11	106	-28	2024.500305
11	105	-25	2024.515197
11	105	-26	2024.5607909999999
12	104	-26	2024.565673
10	103	-26	2024.575531
10	104	-23	2024.585601
10	106	-27	2024.610717
11	106	-26	2024.615783
11	103	-26	2024.681365
11	106	-27	2024.701385
12	103	-25	2024.721771
11	106	-24	2024.726684
11	106	-26	2024.741638
12	105	-24	2024.751617
12	104	-26	2024.7619009999999
11	104	-26	2024.7716970000001
12	104	-26	2024.796875
10	103	-25	2024.852142
11	104	-26	2024.862274
11	105	-25	2024.872375
11	106	-27	2024.882507
10	104	-28	2024.887542
10	104	-27	2024.897491
11	105	-27	2024.988128
11	106	-25	2025.0081169999999
11	104	-26	2025.0130920000001
11	104	-25	2025.023254
11	106	-26	2025.093597
11	104	-25	2025.103698
11	105	-27	2025.118865
11	104	-25	2025.128967
12	105	-26	2025.13385
10	105	-26	2025.143859
11	107	-26	2025.199218
11	103	-26	2025.214477
10	104	-26	2025.2294
11	105	-26	2025.2394100000001
11	105	-27	2025.294799
11	105	-27	2025.315399
11	105	-27	2025.330017
11	105	-25	2025.40567
11	104	-26	2025.425567
12	106	-27	2025.435729
12	106	-24	2025.440643
11	104	-25	2025.450714
11	105	-26	2025.511016
11	105	-26	2025.521148
13	105	-26	2025.541442
10	105	-26	2025.556365
10	104	-25	2025.601623
10	105	-27	2025.611633
9	104	-26	2025.6217040000001
11	104	-25	2025.636962
12	104	-25	2025.651885
11	105	-26	2025.7023920000001
11	105	-25	2025.717285
9	104	-25	2025.74237
11	104	-26	2025.752471
10	104	-26	2025.802917
10	106	-28	2025.81784
11	106	-26	2025.833099
11	103	-26	2025.837951
11	105	-26	2025.848144
11	103	-26	2025.858123
12	104	-25	2025.9234609999999
10	105	-26	2025.9337150000001
11	106	-27	2025.953735
10	104	-26	2025.963867
11	105	-27	2026.0393060000001
11	105	-25	2026.064453
12	104	-26	2026.069458
10	104	-26	2026.139801
12	103	-26	2026.149841
11	103	-26	2026.164886
11	102	-27	2026.2303160000001
13	104	-26	2026.240325
11	106	-27	2026.250579
11	104	-25	2026.260437
10	104	-27	2026.265533
13	105	-27	2026.321044
10	105	-25	2026.3259269999999
10	105	-25	2026.340911
9	103	-26	2026.37619
12	105	-26	2026.4315179999999
11	106	-26	2026.4364620000001
12	105	-26	2026.441558
11	104	-26	2026.451934
11	106	-25	2026.4617
11	104	-26	2026.4817189999999
11	105	-27	2026.53244
12	103	-26	2026.55252
10	103	-27	2026.577362
10	104	-26	2026.64273
10	105	-26	2026.6628719999999
11	105	-26	2026.672943
9	103	-29	2026.698181
10	103	-25	2026.743286
12	103	-26	2026.748535
10	106	-27	2026.768493
12	104	-25	2026.778869
12	102	-26	2026.793609
10	106	-26	2026.8541559999999
11	104	-26	2026.874176
11	104	-25	2026.884185
12	104	-26	2026.959594
13	105	-28	2026.96463
12	103	-26	2026.9750060000001
11	105	-25	2026.984771
10	105	-27	2026.994812
12	104	-27	2026.9997859999999
12	104	-27	2027.065216
12	103	-27	2027.080322
11	105	-26	2027.085327
13	103	-26	2027.115539
11	103	-27	2027.130554
11	103	-25	2027.140838
10	103	-27	2027.185974
12	105	-25	2027.2462759999999
10	106	-25	2027.251373
11	105	-25	2027.2565
11	105	-26	2027.261383
12	105	-26	2027.2764889999999
11	105	-27	2027.281524
12	105	-26	2027.291534
12	103	-26	2027.382171
12	104	-26	2027.392089
12	104	-25	2027.4022519999999
12	103	-25	2027.498107
10	103	-26	2027.507904
11	103	-26	2027.522857
11	104	-27	2027.573272
12	103	-27	2027.598449
11	104	-25	2027.618621
13	104	-27	2027.623687
10	103	-25	2027.694091
13	104	-26	2027.704071
11	105	-26	2027.709045
11	103	-25	2027.724304
12	103	-27	2027.734313
12	103	-27	2027.739379
12	105	-25	2027.804595
10	106	-26	2027.814697
12	105	-24	2027.82492
11	105	-27	2027.839813
10	105	-26	2027.90039
11	104	-26	2027.915252
11	104	-26	2027.920471
10	104	-26	2027.925262
12	106	-26	2027.9455560000001
11	104	-27	2028.0108639999999
10	105	-27	2028.0161130000001
11	103	-25	2028.0259700000001
9	103	-25	2028.031005
11	103	-26	2028.126556
12	105	-26	2028.14682
11	105	-26	2028.151611
11	104	-26	2028.166717
10	105	-25	2028.176818
12	106	-28	2028.22229
12	104	-26	2028.262451
11	104	-26	2028.3377679999999
10	104	-26	2028.343139
12	104	-29	2028.347808
11	105	-26	2028.3578790000001
11	105	-27	2028.3628840000001
13	105	-25	2028.36795
12	104	-24	2028.383239
10	104	-26	2028.3880920000001
11	104	-27	2028.463684
12	105	-27	2028.478759
11	106	-27	2028.4837029999999
12	105	-26	2028.488586
11	103	-25	2028.544128
12	106	-26	2028.549041
11	105	-27	2028.564178
11	104	-27	2028.584625
12	104	-27	2028.619384
11	103	-26	2028.624633
11	106	-26	2028.649597
11	103	-27	2028.654602
12	104	-26	2028.664825
10	106	-26	2028.725128
11	106	-26	2028.755249
11	105	-27	2028.7653500000001
11	102	-26	2028.835845
11	103	-26	2028.855834
11	105	-26	2028.866424
11	103	-26	2028.875976
9	105	-25	2028.880981
11	103	-26	2028.9514159999999
11	104	-27	2028.966644
11	104	-26	2028.981567
12	104	-24	2029.0569759999998
12	105	-25	2029.062194
10	104	-26	2029.077331
12	107	-26	2029.097381
10	105	-27	2029.112365
11	105	-25	2029.1628110000001
11	105	-24	2029.167724
11	104	-25	2029.172668
10	104	-26	2029.187896
12	105	-26	2029.1929930000001
13	105	-26	2029.2684020000002
12	104	-25	2029.27835
11	105	-27	2029.288574
11	105	-25	2029.2984609999999
11	104	-26	2029.308654
10	104	-27	2029.318511
10	104	-26	2029.36383
10	107	-26	2029.37387
12	104	-24	2029.384094
11	105	-26	2029.4090879999999
11	107	-24	2029.419311
11	106	-27	2029.459411
11	105	-26	2029.474487
12	105	-26	2029.489532
11	106	-27	2029.494598
13	105	-26	2029.509796
12	107	-26	2029.5952750000001
11	107	-27	2029.610229
11	104	-27	2029.6154470000001
11	105	-27	2029.635467
9	105	-26	2029.70578
11	104	-26	2029.7160939999999
9	103	-26	2029.731048
10	104	-26	2029.735992
11	105	-25	2029.7462150000001
11	104	-24	2029.756286
12	105	-26	2029.816497
12	105	-27	2029.821685
12	103	-27	2029.841918
11	104	-26	2029.851684
10	106	-27	2029.861785
11	105	-26	2029.932159
12	105	-26	2029.942413
11	105	-26	2029.947265
11	105	-27	2029.9573970000001
10	106	-26	2029.967407
13	105	-24	2030.01773
11	103	-27	2030.037994
12	106	-26	2030.047851
11	105	-27	2030.073333
13	105	-26	2030.13858
11	104	-27	2030.148498
11	107	-26	2030.158508
10	106	-25	2030.173614
10	104	-27	2030.178741
11	105	-26	2030.2390129999999
12	104	-26	2030.24411
13	104	-25	2030.254089
11	104	-25	2030.274414
10	104	-26	2030.279327
11	103	-26	2030.33966
12	103	-26	2030.344726
12	104	-28	2030.369689
10	106	-25	2030.379882
12	106	-28	2030.395172
11	105	-26	2030.440307
11	105	-24	2030.450225
11	104	-25	2030.4604180000001
9	102	-25	2030.475677
10	105	-28	2030.495697
12	106	-25	2030.565948
12	104	-26	2030.576019
11	104	-27	2030.601257
11	103	-27	2030.606262
10	105	-25	2030.656707
12	106	-25	2030.661499
10	105	-27	2030.6716000000001
12	105	-26	2030.681701
11	106	-26	2030.691894
11	103	-26	2030.701782
11	105	-26	2030.706787
11	103	-24	2030.7772519999999
12	104	-27	2030.782257
11	104	-23	2030.792297
11	104	-26	2030.807373
11	104	-25	2030.812469
12	105	-25	2030.862731
10	103	-26	2030.872955
12	105	-24	2030.888061
10	102	-25	2030.9029540000001
11	105	-27	2030.963378
11	106	-26	2030.973419
12	103	-27	2030.978424
10	103	-25	2031.058929
12	103	-25	2031.063903
12	104	-26	2031.068969
12	104	-25	2031.089111
11	105	-26	2031.094116
10	105	-26	2031.109191
12	103	-25	2031.1444390000001
11	104	-25	2031.1696160000001
13	105	-27	2031.179809
10	105	-26	2031.189758
11	105	-25	2031.250061
11	104	-26	2031.26007
9	104	-25	2031.2752679999999
11	104	-25	2031.285308
12	105	-25	2031.295318
10	104	-26	2031.305328
11	106	-26	2031.3457640000001
12	104	-25	2031.351013
13	104	-26	2031.36087
11	104	-26	2031.370727
11	105	-27	2031.4662779999999
10	104	-25	2031.476562
10	106	-25	2031.481597
13	103	-26	2031.501495
11	107	-26	2031.516571
11	103	-27	2031.52185
11	106	-24	2031.576934
11	104	-26	2031.592102
12	104	-26	2031.597229
10	106	-26	2031.60736
12	105	-27	2031.692657
12	104	-26	2031.697662
11	105	-28	2031.7127679999999
12	104	-26	2031.73822
13	106	-26	2031.743011
10	105	-24	2031.7882690000001
10	105	-25	2031.813507
12	105	-26	2031.823455
12	104	-24	2031.838562
11	104	-27	2031.914001
11	104	-25	2031.924194
10	104	-25	2031.939117
11	105	-26	2031.999481
10	105	-28	2032.014556
10	106	-27	2032.024749
10	105	-25	2032.0298149999999
12	105	-28	2032.034729
12	104	-26	2032.095245
11	105	-25	2032.120208
9	105	-27	2032.130249
9	104	-26	2032.1403500000001
11	103	-25	2032.2058710000001
11	105	-26	2032.210754
12	104	-26	2032.220855
12	105	-26	2032.230834
10	106	-26	2032.28128
12	103	-26	2032.2863459999999
11	103	-26	2032.296295
12	105	-27	2032.326538
11	104	-25	2032.336517
11	104	-27	2032.3818959999999
12	104	-27	2032.386962
12	105	-26	2032.427093
11	105	-28	2032.487518
12	104	-27	2032.492462
13	104	-26	2032.507507
11	107	-28	2032.522613
14	106	-28	2032.532653
11	105	-26	2032.608306
11	106	-25	2032.613311
12	103	-26	2032.64331
11	106	-26	2032.6486810000001
11	105	-25	2032.7036739999999
10	105	-26	2032.713867
11	106	-27	2032.7237850000001
12	104	-25	2032.753997
10	105	-25	2032.8096
10	106	-26	2032.8243400000001
11	106	-24	2032.8546139999999
11	106	-25	2032.9100640000001
11	105	-27	2032.919982
11	103	-27	2032.9249869999999
11	104	-25	2032.9501639999999
12	105	-25	2033.005645
13	104	-25	2033.01065
11	105	-26	2033.035705
12	104	-25	2033.0408320000001
12	104	-27	2033.111175
12	106	-25	2033.121154
10	104	-25	2033.1313169999999
11	104	-26	2033.146301
11	104	-26	2033.221771
12	104	-27	2033.231933
13	103	-25	2033.241943
11	106	-26	2033.2570190000001
12	104	-27	2033.2671500000001
10	105	-26	2033.327362
11	105	-26	2033.357513
10	104	-26	2033.377655
11	103	-26	2033.448089
10	106	-25	2033.473205
12	106	-24	2033.5386039999999
10	104	-25	2033.563934
11	105	-25	2033.5788870000001
10	106	-26	2033.583862
11	106	-25	2033.6292720000001
11	103	-26	2033.6391290000001
11	104	-27	2033.664398
10	107	-26	2033.724853
10	104	-24	2033.735168
11	103	-27	2033.749847
11	105	-26	2033.7550959999999
10	105	-27	2033.759918
12	103	-26	2033.810211
12	104	-28	2033.830322
11	103	-26	2033.840393
11	106	-26	2033.860565
11	105	-23	2033.910766
10	105	-26	2033.921081
12	105	-26	2033.930877
10	104	-24	2033.940979
12	105	-26	2033.945983
12	104	-27	2033.966186
11	104	-25	2034.011352
11	103	-26	2034.026458
12	105	-25	2034.03656
11	102	-27	2034.056854
11	104	-26	2034.061798
11	104	-24	2034.111999
11	105	-25	2034.132202
11	104	-27	2034.142303
10	106	-26	2034.227722
11	105	-27	2034.2326659999999
12	102	-26	2034.252807
11	106	-25	2034.258087
12	105	-26	2034.2679130000001
10	104	-25	2034.272949
12	103	-26	2034.353454
12	104	-26	2034.358581
10	104	-26	2034.378997
12	105	-27	2034.398712
12	104	-26	2034.45404
10	104	-26	2034.474304
10	104	-26	2034.484252
12	103	-27	2034.499481
11	105	-26	2034.504516
11	103	-26	2034.559631
10	105	-25	2034.574676
12	102	-26	2034.655181
12	106	-26	2034.675292
10	106	-27	2034.680419
10	103	-26	2034.690399
12	104	-26	2034.710632
12	105	-26	2034.755737
12	105	-27	2034.766021
13	104	-26	2034.770843
12	103	-26	2034.781127
11	104	-26	2034.866546
12	105	-25	2034.886688
10	105	-26	2034.9017939999999
10	104	-27	2034.911773
11	103	-25	2034.987274
11	105	-26	2035.012359
11	104	-26	2035.0173949999999
10	103	-26	2035.0578
10	106	-27	2035.072723
12	103	-24	2035.0930779999999
11	101	-26	2035.0979
10	105	-28	2035.103057
11	106	-27	2035.112915
11	106	-28	2035.173278
11	104	-26	2035.183532
11	104	-26	2035.198486
10	105	-25	2035.213562
10	104	-27	2035.268859
11	103	-27	2035.283935
10	104	-25	2035.299072
11	105	-27	2035.369445
11	104	-25	2035.384857
10	103	-25	2035.389739
11	104	-25	2035.4249869999999
11	103	-25	2035.475097
11	107	-25	2035.480133
10	105	-26	2035.485382
10	104	-27	2035.500213
11	105	-26	2035.510284
11	103	-26	2035.515502
11	104	-25	2035.530395
10	104	-26	2035.575683
11	104	-25	2035.595886
12	105	-27	2035.6058950000001
12	105	-26	2035.616088
11	104	-26	2035.6210019999999
11	105	-26	2035.626159
11	104	-27	2035.676391
10	106	-27	2035.686431
11	107	-27	2035.696441
11	105	-27	2035.726562
10	104	-26	2035.777008
11	106	-26	2035.787078
10	105	-26	2035.802001
12	104	-28	2035.807189
11	103	-27	2035.8273920000001
12	105	-26	2035.882507
11	106	-24	2035.91275
12	104	-24	2035.92276
12	106	-26	2035.988311
11	105	-27	2035.9931940000001
11	105	-26	2036.00354
12	103	-25	2036.01831
11	103	-25	2036.023376
11	104	-24	2036.028503
11	104	-26	2036.0386349999999
10	105	-27	2036.088775
11	106	-25	2036.098754
11	104	-26	2036.103942
9	104	-26	2036.1189570000001
11	105	-26	2036.128967
12	105	-27	2036.149291
11	106	-26	2036.159149
12	104	-24	2036.184326
11	104	-25	2036.1943959999999
12	104	-26	2036.204559
10	104	-26	2036.2699579999999
12	103	-27	2036.284912
11	105	-27	2036.289916
9	107	-25	2036.305084
10	104	-27	2036.310638
11	106	-27	2036.405639
11	106	-25	2036.410705
11	105	-26	2036.425842
11	106	-25	2036.440887
11	105	-28	2036.4458610000001
12	104	-27	2036.521362
10	105	-26	2036.531372
10	105	-26	2036.546447
10	103	-26	2036.556549
11	103	-27	2036.627105
13	103	-27	2036.637084
9	105	-28	2036.65213
12	105	-25	2036.667205
13	104	-27	2036.727539
11	105	-26	2036.742614
13	105	-26	2036.753021
11	102	-26	2036.767883
11	104	-25	2036.782897
11	105	-27	2036.833374
11	104	-26	2036.8382259999998
11	104	-26	2036.858276
10	106	-26	2036.863403
12	105	-25	2036.868377
11	104	-25	2036.8785090000001
11	106	-26	2036.923706
12	104	-26	2036.943878
12	104	-25	2036.959075
12	104	-26	2037.024383
10	103	-25	2037.069549
12	105	-26	2037.0748290000001
12	106	-26	2037.134948
11	106	-26	2037.145202
12	103	-25	2037.155334
10	105	-28	2037.1651299999999
11	103	-28	2037.180389
10	104	-27	2037.250701
11	103	-26	2037.260711
9	105	-26	2037.270782
10	104	-26	2037.295959
12	106	-25	2037.346313
11	103	-26	2037.356445
10	105	-28	2037.366485
12	105	-26	2037.3815
12	103	-26	2037.386505
11	105	-26	2037.396759
12	105	-28	2037.4619440000001
11	103	-28	2037.487091
10	105	-27	2037.497161
10	105	-27	2037.552429
10	104	-26	2037.567779
12	105	-27	2037.577697
12	102	-24	2037.592834
11	106	-27	2037.6078790000001
10	106	-25	2037.653198
9	103	-24	2037.658172
12	103	-26	2037.678405
11	105	-25	2037.6932980000001
12	103	-26	2037.7639159999999
10	105	-25	2037.778808
11	105	-26	2037.783874
12	104	-27	2037.7889089999999
10	106	-24	2037.804107
12	105	-27	2037.854278
12	104	-26	2037.8644709999999
10	104	-28	2037.87442
11	105	-25	2037.889495
11	103	-24	2037.904602
12	104	-25	2037.960296
11	105	-26	2037.980072
13	105	-26	2037.990112
10	105	-26	2037.995269
11	105	-25	2038.08081
10	104	-26	2038.09085
12	103	-25	2038.1008299999999
10	105	-27	2038.105712
10	104	-27	2038.115844
9	104	-26	2038.181213
11	107	-27	2038.20642
12	104	-26	2038.256958
12	105	-27	2038.266723
11	106	-27	2038.281951
11	106	-26	2038.2870480000001
12	105	-27	2038.40274
10	106	-28	2038.432769
11	105	-26	2038.477935
12	106	-26	2038.483428
12	106	-24	2038.488128
13	106	-27	2038.498138
12	106	-28	2038.508148
11	105	-25	2038.558654
10	104	-26	2038.573547
11	105	-25	2038.578826
11	104	-26	2038.603881
10	108	-25	2038.613983
12	105	-27	2038.659271
11	105	-27	2038.664154
11	104	-27	2038.669097
9	105	-26	2038.684448
13	104	-26	2038.689453
10	104	-26	2038.704315
11	105	-26	2038.7648920000001
11	104	-27	2038.769866
13	105	-27	2038.774932
11	105	-26	2038.784881
11	104	-25	2038.794921
11	104	-26	2038.86026
10	105	-26	2038.870422
10	104	-28	2038.890594
12	103	-27	2038.910552
10	104	-26	2038.991027
12	105	-26	2038.996246
12	104	-26	2039.016296
12	106	-26	2039.021301
12	104	-27	2039.081787
11	106	-26	2039.086822
10	105	-26	2039.091644
12	105	-27	2039.10675
11	107	-26	2039.111816
12	106	-26	2039.136962
9	106	-25	2039.1872250000001
12	103	-26	2039.227539
11	107	-26	2039.242614
11	107	-26	2039.298065
11	104	-26	2039.3129880000001
12	105	-26	2039.317962
12	101	-27	2039.338195
10	105	-26	2039.3833610000001
10	104	-27	2039.3984679999999
12	104	-27	2039.4136039999999
11	104	-26	2039.423675
12	107	-27	2039.438842
11	105	-26	2039.494262
11	103	-26	2039.509155
13	102	-26	2039.519287
12	106	-27	2039.584594
11	107	-26	2039.604705
11	103	-26	2039.614807
9	105	-25	2039.62503
12	105	-27	2039.690582
12	105	-25	2039.700317
11	105	-26	2039.7255850000001
10	104	-26	2039.811126
12	105	-26	2039.831054
12	104	-28	2039.836029
12	105	-27	2039.906555
12	105	-26	2039.926666
11	103	-26	2039.972106
12	105	-26	2039.982147
11	104	-27	2039.9970389999999
11	104	-27	2040.002105
13	106	-26	2040.022216
13	105	-26	2040.077667
11	105	-25	2040.1177969999999
10	105	-26	2040.1228019999999
11	104	-26	2040.163116
10	105	-25	2040.1734609999999
9	104	-26	2040.183227
12	106	-25	2040.1983030000001
11	105	-27	2040.218414
10	106	-26	2040.279022
11	104	-27	2040.283782
11	103	-27	2040.3038940000001
12	106	-25	2040.324035
11	106	-26	2040.389404
11	104	-25	2040.404785
10	105	-26	2040.409606
11	104	-27	2040.414764
13	105	-28	2040.429626
11	106	-26	2040.479949
10	105	-26	2040.485046
11	104	-25	2040.48999
11	105	-26	2040.510131
11	103	-26	2040.520172
11	105	-26	2040.5302120000001
10	104	-25	2040.60086
11	104	-27	2040.610717
11	103	-28	2040.625793
11	106	-27	2040.7114860000001
10	104	-25	2040.71643
11	104	-25	2040.736633
11	104	-25	2040.741546
12	104	-24	2040.8019100000001
12	105	-26	2040.842163
11	106	-26	2040.847229
12	106	-27	2040.85733
11	103	-24	2040.9125669999999
13	104	-26	2040.927764
11	104	-25	2040.9379880000001
11	106	-26	2040.958038
10	104	-26	2041.0081169999999
11	104	-27	2041.01828
12	104	-28	2041.0282280000001
11	106	-27	2041.0332640000001
11	106	-27	2041.048339
12	105	-27	2041.098815
12	104	-27	2041.113677
11	104	-26	2041.118804
11	105	-25	2041.133911
11	103	-26	2041.214324
11	104	-26	2041.2295530000001
11	103	-26	2041.234497
11	105	-26	2041.2444759999998
12	103	-27	2041.300048
11	104	-25	2041.315032
11	104	-25	2041.324951
9	104	-24	2041.335113
11	105	-25	2041.340209
11	104	-27	2041.405456
11	103	-26	2041.415679
11	103	-26	2041.425872
11	105	-26	2041.440704
12	103	-27	2041.445739
12	105	-26	2041.4559020000002
11	105	-26	2041.506134
11	104	-26	2041.516265
10	105	-25	2041.53125
11	103	-27	2041.541473
11	105	-27	2041.606689
12	104	-27	2041.611877
11	105	-26	2041.631774
12	106	-27	2041.652008
13	104	-26	2041.662139
10	105	-27	2041.702514
11	103	-25	2041.722381
12	105	-27	2041.7427969999999
11	104	-28	2041.802856
12	103	-25	2041.8129880000001
11	104	-25	2041.82312
11	104	-25	2041.8382259999998
11	104	-27	2041.853149
11	104	-26	2041.898406
13	105	-25	2041.908477
13	105	-26	2041.918487
12	103	-27	2041.933593
12	106	-25	2042.004211
10	106	-26	2042.019104
10	105	-25	2042.099761
11	105	-26	2042.105072
11	105	-26	2042.12976
10	105	-24	2042.140136
10	106	-25	2042.195251
10	105	-25	2042.2005
11	105	-26	2042.2152700000001
9	105	-24	2042.23056
12	104	-26	2042.2454830000001
12	105	-27	2042.29074
12	104	-28	2042.300811
11	105	-26	2042.3259269999999
13	106	-27	2042.341064
11	105	-26	2042.346191
12	105	-27	2042.376495
12	103	-27	2042.386474
10	104	-27	2042.396545
10	103	-28	2042.406463
11	104	-25	2042.411468
11	104	-25	2042.421478
9	106	-25	2042.507232
11	105	-27	2042.532226
11	105	-26	2042.5372
12	105	-28	2042.547485
11	103	-27	2042.5976249999999
12	105	-26	2042.6025690000001
12	105	-27	2042.622894
9	105	-26	2042.62799
12	104	-27	2042.6429130000001
11	104	-28	2042.653259
10	103	-25	2042.698181
11	104	-25	2042.708435
10	102	-26	2042.718505
11	103	-26	2042.753753
9	104	-26	2042.8190610000001
12	102	-25	2042.823944
11	103	-26	2042.834075
11	106	-25	2042.854187
10	103	-25	2042.929595
11	105	-25	2042.9346
11	104	-26	2042.9448849999999
10	104	-25	2042.954772
10	103	-26	2042.969818
12	105	-26	2042.98001
11	103	-25	2043.030426
10	104	-27	2043.065399
13	103	-25	2043.0855099999999
11	104	-26	2043.1257620000001
10	105	-26	2043.140869
10	103	-24	2043.1559750000001
11	105	-25	2043.16098
12	105	-26	2043.231475
10	104	-27	2043.241638
11	105	-27	2043.246398
10	105	-26	2043.2565610000001
12	103	-26	2043.26651
11	105	-27	2043.347015
11	105	-26	2043.3621520000002
9	106	-26	2043.377227
11	106	-27	2043.382324
10	104	-28	2043.397613
12	104	-27	2043.447723
12	105	-27	2043.468109
11	105	-29	2043.492889
12	105	-28	2043.497955
12	106	-28	2043.563385
10	105	-26	2043.568511
12	103	-27	2043.588439
10	103	-27	2043.598724
11	105	-26	2043.608795
9	105	-27	2043.653839
11	105	-27	2043.6689139999999
10	104	-26	2043.679107
11	104	-27	2043.699279
11	105	-24	2043.7694999999999
10	105	-25	2043.799743
11	105	-25	2043.804809
11	107	-27	2043.90036
12	104	-27	2043.910369
11	107	-26	2043.920654
13	106	-26	2043.9405510000001
12	106	-26	2044.021026
11	104	-26	2044.031158
11	105	-25	2044.056488
11	105	-25	2044.121856
10	107	-25	2044.136779
9	104	-27	2044.141723
12	106	-27	2044.151947
12	102	-28	2044.1719659999999
9	104	-24	2044.23233
9	105	-27	2044.237518
12	105	-24	2044.2726440000001
11	104	-28	2044.2828359999999
11	106	-27	2044.363098
12	104	-25	2044.3833610000001
13	105	-26	2044.4136349999999
11	103	-27	2044.433563
11	105	-25	2044.443542
11	105	-26	2044.46878
10	104	-25	2044.519256
10	104	-28	2044.55429
11	103	-25	2044.564331
11	103	-27	2044.569427
11	105	-25	2044.605438
12	104	-25	2044.614746
10	105	-27	2044.619689
12	103	-24	2044.634704
11	104	-25	2044.644927
11	104	-27	2044.660034
9	106	-26	2044.73529
13	102	-25	2044.755401
12	105	-26	2044.775695
11	104	-26	2044.8258660000001
11	105	-25	2044.8308710000001
11	106	-26	2044.8460380000001
12	105	-25	2044.850982
11	104	-27	2044.866027
13	102	-25	2044.8712759999999
11	104	-26	2044.881347
10	104	-25	2044.961791
10	104	-27	2044.971893
11	104	-25	2044.996795
34	109	-56	2045.067718
25	129	-83	2045.08258
2	94	-152	2045.087432
-51	110	13	2045.1026299999999
17	91	-44	2045.107543
52	31	87	2045.168029
-16	98	-52	2045.192962
45	136	-53	2045.2132259999998
-15	85	-66	2045.223175
-19	131	-24	2045.293762
16	139	-47	2045.298706
30	71	-42	2045.303741
16	109	-14	2045.3339230000001
25	109	-61	2045.409332
5	108	-56	2045.414337
-6	86	-29	2045.4294730000001
33	117	-30	2045.434448
-11	95	-62	2045.4395140000001
40	108	1	2045.504913
37	117	-11	2045.519989
-8	111	-50	2045.5854789999999
18	115	-37	2045.595428
4	104	-31	2045.600463
24	113	-67	2045.620788
8	102	29	2045.6307980000001
-4	131	-47	2045.706054
83	126	-191	2045.716186
-43	51	208	2045.726318
-15	24	125	2045.731262
93	150	-293	2045.741241
113	91	-17	2045.746337
28	-21	207	2045.786712
-45	71	264	2045.8117670000001
68	122	59	2045.831817
-32	180	-121	2045.90216
6	156	-356	2045.907287
-84	149	92	2045.9173580000001
-12	146	-278	2045.932403
-26	115	67	2045.9978019999999
35	101	-300	2046.013061
22	165	29	2046.022949
-61	132	135	2046.027984
-93	25	49	2046.032928
55	159	-39	2046.048217
-34	131	-286	2046.093383
-106	165	121	2046.1087029999999
-175	163	105	2046.188934
108	96	-183	2046.203979
-119	159	31	2046.214172
57	108	-194	2046.2290950000001
-52	182	-60	2046.239379
-99	-4	37	2046.2996210000001
-28	41	-82	2046.304748
-105	23	94	2046.324676
110	101	-92	2046.339996
-120	45	111	2046.349884
55	171	-165	2046.415283
-26	-50	47	2046.430358
42	160	-23	2046.460571
74	250	-25	2046.510833
-53	105	-114	2046.520996
116	223	5	2046.536132
-53	191	-129	2046.541046
188	150	237	2046.601684
-21	215	-83	2046.6064139999999
161	-111	39	2046.641662
-49	182	13	2046.646575
117	160	-31	2046.7170409999999
116	262	49	2046.737182
-76	123	-52	2046.742187
249	-13	58	2046.7523489999999
50	29	-147	2046.792846
175	230	134	2046.822631
-178	-23	-189	2046.832794
112	-11	-41	2046.837738
277	128	153	2046.842834
-137	222	-47	2046.847808
260	141	146	2046.903167
-81	160	90	2046.908142
134	63	-102	2046.918182
-65	124	-38	2046.9284360000001
271	212	28	2046.943389
212	78	-73	2046.978637
-110	165	-76	2046.98883
-278	34	-202	2046.993835
-229	41	-47	2047.008758
-17	113	-92	2047.074157
94	103	-113	2047.094482
217	306	51	2047.099304
-217	68	-133	2047.124603
52	254	-179	2047.215118
-21	26	7	2047.225097
-144	-30	-123	2047.240112
8	-15	-20	2047.295593
237	154	170	2047.300506
-189	93	-102	2047.325683
208	191	26	2047.335845
-99	-27	-57	2047.345794
52	243	-167	2047.411071
-65	-31	-60	2047.421264
-15	208	-241	2047.4262079999999
23	343	-128	2047.441284
164	-4	125	2047.451324
10	130	-55	2047.5370480000001
-121	342	-201	2047.542022
176	2	-7	2047.552093
-179	96	-145	2047.627441
-167	103	18	2047.637573
198	191	-7	2047.6779470000001
-108	449	-147	2047.722991
-27	-74	157	2047.728027
-280	28	29	2047.733062
-248	423	-85	2047.738525
-205	419	-130	2047.753204
134	-151	-113	2047.858978
434	1	75	2047.8690179999999
92	290	-160	2047.893981
319	-35	-64	2047.949432
-24	196	-185	2047.969635
-223	314	31	2047.974517
-74	-154	62	2047.979766
61	98	-177	0.029937
-62	71	-72	0.039916
123	-78	-154	0.045013
-140	34	-63	0.054962
109	132	-123	0.065216
-207	128	5	0.115356
-211	-163	-9	0.13565
-149	221	-273	0.145568
-5	-115	-94	0.155609
152	201	-150	0.200805
97	173	47	0.221099
135	16	220	0.236206
-299	628	-477	0.306518
-273	542	-538	0.321594
1	285	108	0.326721
-282	280	-416	0.3367
50	181	180	0.341857
47	97	419	0.356842
3	263	123	0.40213
-173	116	-123	0.412078
-35	216	-29	0.447326
235	-245	32	0.452423
-85	-33	-174	0.457489
-101	193	-122	0.537811
141	-14	96	0.557983
-97	178	-182	0.568115
225	21	52	0.57312
-65	270	-129	0.583251
146	282	-315	0.628479
115	175	-434	0.643554
127	-86	294	0.653808
45	202	-356	0.65863
217	89	149	0.739074
265	-297	-143	0.759277
291	-285	-27	0.769561
323	-268	-175	0.784637
325	-267	232	0.78955
92	-349	-163	0.885467
174	-294	112	0.890075
38	-299	-283	0.900177
-111	-191	-396	0.915313
297	-44	108	0.920227
-51	25	-237	0.930236
87	-175	132	0.935272
-47	249	-68	1.005737
118	346	-43	1.015838
77	566	-132	1.035888
-107	370	-93	1.046203
26	404	25	1.050964
-113	339	50	1.116424
70	413	-99	1.126403
61	190	263	1.1466669999999999
-72	170	501	1.217041
-86	105	545	1.232055
-277	252	-185	1.252105
79	91	354	1.262207
203	114	234	1.332519
-307	270	-256	1.342651
-37	222	-118	1.362792
-212	146	-122	1.428283
-113	213	-115	1.433654
-173	96	-25	1.443267
5	53	-27	1.453308
-192	222	-59	1.463317
32	199	-79	1.468688
-54	124	350	1.523712
-188	230	-175	1.533966
-251	181	83	1.543823
-325	-77	-287	1.639434
-266	101	-293	1.6595149999999999
50	97	524	1.664825
-211	174	-264	1.6747130000000001
-180	221	-346	1.689697
108	56	548	1.7399900000000001
-91	-76	-570	1.7450860000000001
-70	218	-148	1.750244
17	-13	751	1.770233
-173	-220	-341	1.775299
-139	-199	-396	1.790557
50	322	33	1.855865
91	81	-583	1.865966
28	103	291	1.885864
118	-128	83	1.891052
66	84	539	1.916076
55	60	391	1.931152
35	297	20	1.9564810000000001
-8	289	-35	1.9714049999999999
144	94	-590	1.981414
136	-76	447	1.991943
-65	182	116	2.001617
104	44	131	2.006652
-26	103	-417	2.011596
0	60	650	2.03189
39	340	-360	2.04187
120	-72	-393	2.13739
93	145	-310	2.16751
-42	82	-18	2.177551
134	93	115	2.238098
99	42	-269	2.242919
190	108	-453	2.258026
39	-80	352	2.268157
16	321	0	2.278289
235	-21	502	2.283447
78	280	629	2.353729
17	218	-673	2.363769
115	159	593	2.383789
-56	44	866	2.399047
-5	329	-547	2.409057
-147	377	-183	2.469421
-13	14	-849	2.479858
54	-90	204	2.504608
81	310	-412	2.569915
-198	-96	-368	2.579956
113	96	66	2.590087
83	47	-131	2.600219
100	107	203	2.620269
50	73	-335	2.675872
-8	264	181	2.680694
118	139	-285	2.690643
87	295	191	2.6958
26	100	-407	2.705871
197	57	226	2.715972
-25	341	16	2.725891
124	97	-806	2.796966
-66	86	-734	2.81137
131	-135	324	2.82138
-52	189	-742	2.841796
-207	180	-689	2.88681
-75	115	865	2.906921
48	493	-61	2.917175
-7	63	875	2.922271
33	7	490	2.937286
-9	172	-173	3.002746
-148	124	-118	3.027679
135	63	289	3.032836
24	234	-21	3.042907
46	314	-357	3.0578909999999997
-20	65	-144	3.148376
-100	143	-60	3.163696
-22	241	188	3.198944
-60	-106	-486	3.203796
-62	75	-449	3.218872
-46	75	298	3.229003
-43	147	-492	3.233917
229	258	597	3.239074
59	46	685	3.2992850000000002
-95	271	-675	3.31958
188	237	135	3.324676
-19	135	-468	3.334533
-57	14	199	3.344512
-165	-12	-132	3.404937
56	181	-45	3.425109
-58	134	-104	3.435089
153	-110	-111	3.44522
-79	244	-122	3.450164
120	-24	-9	3.455322
-55	-63	36	3.500457
-145	202	-99	3.5105589999999998
71	-95	-113	3.515441
-27	219	131	3.540679
-117	136	107	3.550659
24	-349	-151	3.591094
-53	-252	-65	3.606262
-22	165	136	3.6261900000000002
-117	67	3	3.706665
-59	76	-97	3.711608
-156	58	70	3.721862
119	234	-81	3.731781
135	251	-110	3.746826
-170	60	126	3.752014
28	58	-218	3.85263
106	112	6	3.86267
-60	51	48	3.877685
-182	201	82	3.888336
-92	121	-32	3.958221
3	-14	-63	3.968231
-134	31	45	3.973175
10	-13	-53	3.983337
-93	37	26	3.98822
58	109	6	4.013671
-51	249	-238	4.068695
-12	101	-162	4.078979
102	252	299	4.088989
71	183	-318	4.098876
303	407	148	4.159332
39	124	94	4.164428
427	247	539	4.189453
198	372	-477	4.199462
275	264	-348	4.21466
332	317	-243	4.285186
346	116	-101	4.315246
321	218	-210	4.411102
140	248	-189	4.425842
142	-203	-355	4.436126
-287	-35	40	4.627044
-222	114	43	4.647277
-155	72	-113	4.652191
-179	-102	0	4.662414
-223	-52	-485	4.70755
-286	220	-317	4.712524
-341	-138	-594	4.737792
-311	360	-377	4.742736
-121	-23	718	4.763
-436	-23	-346	4.813171
-61	37	239	4.818206
-226	34	-334	4.828247
-220	44	-463	4.843292
-77	-73	213	4.853485
173	-142	497	4.9137260000000005
110	73	-746	4.918823
-3	344	-181	4.923919
175	466	6	4.938934
125	344	433	4.954071
87	116	428	4.969299
-64	204	-572	5.024414
54	277	182	5.034484
52	204	-373	5.049926
213	249	491	5.059661
-25	316	-276	5.0697019999999995
-173	154	-418	5.12564
-45	259	-57	5.130218
-247	26	-264	5.1400749999999995
4	356	42	5.1451720000000005
-406	201	-489	5.15512
-211	259	-654	5.1703790000000005
186	177	66	5.260864
-83	288	-218	5.270874
254	178	172	5.30606
134	473	-174	5.356414
73	347	-89	5.371643
116	36	-266	5.436889
229	199	-4	5.441894
15	53	-123	5.452087000000001
12	236	153	5.461975
-61	256	103	5.477203
-25	-111	78	5.5273129999999995
-102	124	1	5.532623
-181	-182	-89	5.5426020000000005
-197	-162	-324	5.5574639999999995
-158	-245	199	5.5676570000000005
15	-106	-489	5.572845
-218	106	126	5.577911
-134	-148	396	5.622863000000001
-113	104	-39	5.632995
-108	-111	460	5.638031
-290	-83	-500	5.673522
-168	-110	64	5.73883
-154	185	257	5.748687
-203	-32	-108	5.753662
-40	-89	-211	5.768981
-16	34	-122	5.8544
-8	58	-32	5.8695059999999994
53	118	-86	5.88446
-7	63	-15	5.960266
194	32	-388	5.970062
122	165	45	5.975189
110	15	-382	5.9850460000000005
294	192	-404	6.000244
109	19	115	6.050445
322	92	289	6.060516
156	66	23	6.065643
213	7	-395	6.070648
202	81	199	6.090576
180	-69	-190	6.101043
155	-1	11	6.115783
27	34	278	6.120819
156	68	66	6.131042
1	-3	133	6.136108
119	100	-426	6.141143
42	61	115	6.151
76	84	174	6.166259
253	72	-259	6.171142
218	161	-255	6.24179
113	198	129	6.251556
132	75	58	6.261871
145	25	150	6.276733
220	264	-59	6.281768
-25	463	-21	6.337463
-19	608	-274	6.357391
-25	564	261	6.362274
27	803	73	6.367279
-65	712	-28	6.382446
-91	797	132	6.392547
-25	716	-494	6.458099
79	1042	-81	6.462829
86	1066	59	6.478027
166	900	476	6.483306
86	1058	265	6.49298
317	897	617	6.538482
405	747	641	6.553497
104	744	-878	6.558349
114	957	-369	6.563476
211	445	867	6.568572
306	838	-61	6.578582
358	550	731	6.5836179999999995
19	461	-9	6.633789
210	315	64	6.638824
-17	430	-10	6.6488949999999996
22	490	75	6.659057
76	297	-215	6.669036
-8	422	-15	6.674011
-61	231	545	6.719482
30	234	209	6.734405
-81	-99	-317	6.739501
50	119	128	6.749694
-56	-17	137	6.764923
-131	28	-248	6.769592
79	-27	200	6.774627
44	11	-111	6.820007
-87	-273	-298	6.830047
-6	8	14	6.8349910000000005
-112	-197	-477	6.845184
104	-125	-47	6.850097
-55	-299	197	6.855255
-141	-39	-139	6.925567
-27	-376	425	6.930572
-83	146	-123	6.940795
-195	28	64	6.955718
168	-169	588	6.960754
-202	93	438	6.970794
-43	-70	-930	6.981201
123	-89	-37	7.02124
-156	195	713	7.031127
-66	-131	-188	7.036346
-15	367	-372	7.041412
31	-79	-287	7.05133
77	1	-475	7.066467
-109	180	88	7.0715330000000005
169	24	-79	7.1116019999999995
-55	202	-227	7.121704
201	-203	59	7.126678
107	256	-146	7.131774
-95	210	-18	7.146942
178	113	49	7.1519770000000005
-22	422	-19	7.1620170000000005
-42	75	78	7.167022
-325	187	-41	7.207336
-240	339	-78	7.222381
0	289	83	7.232391
62	341	9	7.242279
-335	359	-466	7.252471
128	249	526	7.303008999999999
-147	107	-137	7.30783
-164	410	-330	7.312866
133	247	386	7.31784
-236	176	-231	7.322845
-21	177	557	7.333007
-150	251	-333	7.338073
-26	170	661	7.348144
-2	461	-92	7.418395
-34	-4	-389	7.428833
71	50	-396	7.443664
212	36	199	7.453582
-105	-477	25	7.539306
11	-473	50	7.54425
47	-423	102	7.549285
-153	-811	-5	7.564422
153	-915	418	7.574339999999999
-41	-918	-98	7.579345
-39	-838	341	7.589508
-28	-894	-272	7.6145320000000005
147	-872	445	7.619659
38	-987	-465	7.639801
162	-592	-46	7.645233
73	-953	572	7.649841
38	-660	95	7.659851
191	-853	642	7.6651299999999996
356	-775	175	7.740234
-161	-580	72	7.750488
63	-641	-523	7.760711000000001
246	-930	289	7.770507
-121	-615	-372	7.775482
84	-465	281	7.780578
-167	-678	-206	7.790863
37	-585	139	7.795806
153	-459	246	7.845916
-45	-495	-237	7.871154
86	-346	-480	7.886138
178	-334	466	7.8912960000000005
88	-199	-58	7.946685
-87	-406	138	7.961578
50	-284	-53	7.987213000000001
-52	-443	-44	7.991943
94	-314	-249	7.996826
-39	-277	-217	8.052429
-46	-241	343	8.062225
-66	1	-284	8.072357
-15	-278	368	8.077362
-149	-96	105	8.087493
-30	-250	-471	8.097412
-91	-23	-218	8.162719
118	-239	183	8.167877
-7	87	-316	8.177825
108	-238	160	8.197998
-32	-139	-74	8.203002
79	-19	-250	8.208007
77	-111	-417	8.253265
59	12	-556	8.268737
-73	145	172	8.273712
-14	-36	-601	8.28363
90	-346	207	8.293518
-168	-88	-523	8.298614
217	-253	112	8.308685
184	61	-145	8.368957
-99	265	-124	8.373901
129	-117	-106	8.384063
118	-77	25	8.399169
61	155	-251	8.409271
276	116	235	8.414337
-173	-53	-68	8.419281
-129	127	-484	8.464508
177	-23	446	8.474945
94	247	365	8.504669
-164	224	-553	8.51007
103	297	75	8.515014
24	426	388	8.565063
-107	207	-502	8.570068
100	625	-36	8.575286
151	389	153	8.58023
-99	189	-473	8.585235
-35	515	-16	8.590423
-52	288	-589	8.600311
72	273	291	8.610504
47	603	567	8.680847
80	595	498	8.695831
-69	116	81	8.700927
114	429	-441	8.706115
37	188	-79	8.716217
-33	356	195	8.726013
-29	188	-279	8.76126
-23	133	-184	8.791534
33	224	-161	8.796569
23	240	-295	8.806549
-61	68	358	8.816589
-86	12	-183	8.866973
72	208	393	8.877258
-93	104	485	8.891998
149	185	-243	8.902221
35	119	389	8.907073
-27	-191	485	8.96759
-125	-100	-877	8.972442000000001
-96	-224	459	8.982543
-7	-71	492	8.997924
-140	-199	-673	9.002593000000001
-6	-239	565	9.012756
-199	-127	-778	9.0177
222	75	443	9.022979
-178	-185	-552	9.047912
-64	-129	-48	9.057983
-144	-120	-264	9.063171
240	-91	548	9.067932
-115	-78	-286	9.078247
-89	-176	-106	9.088287
-29	-13	-397	9.093292
-169	-200	-237	9.10324
74	-17	-148	9.153686
65	-115	-223	9.168701
-46	-122	-19	9.173706
-145	-88	31	9.178771
-47	-104	-69	9.188842
-92	-4	95	9.194091
14	50	185	9.279357000000001
31	22	-69	9.284362
-40	304	30	9.294342
142	592	-238	9.304473
64	863	-309	9.319702
1	1243	-385	9.364837
-50	1319	291	9.369812
-96	1245	-406	9.379852
-72	1202	-580	9.395202
-159	1124	-503	9.409973
-180	809	-737	9.480651
54	1156	163	9.500914999999999
26	531	485	9.505584
206	1057	775	9.515838
17	567	483	9.520996
322	917	729	9.530822
-33	642	183	9.535797
206	819	158	9.591186
113	823	-56	9.601287
-25	955	-192	9.611267
118	565	-17	9.621215
35	573	-156	9.631408
92	591	-43	9.636505
-19	748	93	9.641539999999999
131	548	-1	9.726989
110	551	-109	9.742004
66	679	45	9.747222
126	479	-11	9.757293
345	561	396	9.802459
126	351	-200	9.812591
16	348	-89	9.822509
288	415	-256	9.827514
-14	287	184	9.837738
49	706	280	9.847808
63	445	605	9.907958
-9	245	-382	9.913391
76	434	471	9.923187
78	569	-281	9.933197
-35	318	560	9.93814
-113	320	-627	9.943328000000001
-31	624	-648	9.988433
374	295	444	9.993438
303	146	575	10.008728
265	158	405	10.023620000000001
-137	436	-66	10.028717
111	140	41	10.03894
-48	117	106	10.104156
-138	-139	-349	10.109313
192	240	11	10.114166
29	129	-153	10.119323
-97	-108	-7	10.134277
-73	-29	13	10.149414
72	-79	403	10.205138999999999
142	4	403	10.219818
-131	84	-311	10.229858
138	-12	163	10.235046
36	82	-485	10.245117
-161	68	32	10.255004
63	-102	-300	10.260101
-10	-194	396	10.325531
-317	-177	-402	10.330413
-185	-133	1	10.350738
57	-156	379	10.355682
-364	-183	-306	10.375762
75	-103	4	10.385772
72	-68	186	10.395782
-55	-137	-11	10.401153
-76	-246	23	10.415924
-62	-359	44	10.516539999999999
-379	29	-171	10.521667
-268	213	-129	10.536681999999999
-220	184	50	10.551757
81	-6	38	10.556701
-230	229	-23	10.567108000000001
-233	168	-221	10.597106
-2	-50	193	10.607147
-367	111	-153	10.612243
-141	275	-213	10.627319
-77	-75	93	10.632385
-105	116	5	10.637267999999999
44	132	33	10.652343
-309	149	-476	10.702667
129	186	219	10.707672
-115	187	-287	10.898742
280	43	334	10.903839
262	-81	521	10.918945
-51	304	200	10.929168
82	101	-75	10.939056
326	269	97	10.949157
-55	223	39	11.004547
198	-30	325	11.009521
203	58	223	11.024536
339	88	90	11.039581
-53	230	-271	11.044737999999999
178	122	123	11.050048
97	180	-166	11.059692
102	-932	25	11.115081
119	-792	-69	11.120147
-38	-1147	296	11.13031
151	-1023	348	11.145263
97	-1039	-342	11.150482
66	-411	-29	11.200561
21	-952	-571	11.210723
168	-770	-743	11.226013
-122	-404	-120	11.230743
136	-1071	742	11.235717000000001
-83	-332	155	11.246093
280	-633	259	11.31137
-207	-645	182	11.32138
-142	-494	113	11.336364
135	-789	171	11.341460999999999
-15	-449	-344	11.346588
32	-400	-185	11.351409
225	-786	168	11.356536
-76	-653	228	11.401855000000001
-123	-701	-127	11.421875
-21	-501	-321	11.42694
-107	-704	50	11.437194
52	-565	-177	11.452239
-1	-609	-261	11.497344
-101	-510	298	11.522583000000001
45	-419	-243	11.527587
0	-230	3	11.532653
63	-348	-130	11.542724
-43	-38	-46	11.587829
-8	-387	413	11.592895
-42	27	-186	11.602996000000001
-13	-382	512	11.608215
17	-292	477	11.622985
70	-231	-241	11.628204
-191	-130	106	11.633117
-96	-207	-329	11.688537
-193	-131	113	11.693634
-203	9	148	11.708435
71	-385	338	11.713562
94	-58	-498	11.718536
25	14	-92	11.738890999999999
-128	-84	102	11.753784
166	-240	159	11.758849999999999
-48	116	-147	11.763854
-123	-114	267	11.769165000000001
60	131	-206	11.779052
115	-134	133	11.789000999999999
290	37	168	11.80429
28	-121	-490	11.869537000000001
37	-30	733	11.87973
117	28	553	11.894744
131	36	399	11.909790000000001
-7	294	83	11.919708
40	-99	376	11.924835
-7	154	-131	12.005431999999999
141	46	107	12.015441
105	15	-257	12.035461
-18	561	-255	12.040496000000001
179	78	252	12.045501
-19	210	-208	12.050659
87	100	47	12.09085
17	517	35	12.100952
201	153	118	12.105895
22	422	-247	12.1109
142	172	150	12.120971
8	574	-76	12.141174
13	415	18	12.146270000000001
-3	389	142	12.191528
-106	445	-70	12.201446
191	264	-37	12.211608
-33	370	-3	12.221527
-255	310	-128	12.231628
191	249	-21	12.241638
-139	397	95	12.292235999999999
-263	374	261	12.307037000000001
105	155	-200	12.317077000000001
-145	50	-266	12.332336
-64	452	233	12.33731
2	184	-154	12.347290000000001
-47	407	3	12.422882
-20	51	514	12.427734000000001
-171	-73	-469	12.447875
-15	224	163	12.453185999999999
-24	-70	-286	12.508239
-113	-102	-384	12.523315
160	8	122	12.52835
-91	-9	-692	12.538543
-81	-1	-588	12.553741
115	-71	425	12.558532
-139	-158	253	12.563568
-74	-22	-419	12.614074
22	-168	700	12.61914
-228	-147	-403	12.624053
57	-72	949	12.633972
89	-24	570	12.6492
129	-173	15	12.719818
-178	-97	-159	12.724516999999999
-37	-13	-26	12.739685
63	106	-27	12.744903
-116	-81	-37	12.749786
223	11	-91	12.759765
-50	41	342	12.769805
156	321	-97	12.825103
7	436	173	12.835266
209	765	-45	12.850341
-49	1130	-338	12.855407
129	782	23	12.865417
-98	1213	359	12.875457
-211	1056	358	12.905609
-82	731	-196	12.92575
18	1151	74	12.945983
15	927	650	12.950835999999999
172	956	741	13.006286
-43	1057	-523	13.016357
2	860	-243	13.041503
-1	1040	-213	13.046478
122	619	225	13.051390999999999
43	666	-418	13.106902999999999
-84	739	-4	13.116973
-4	640	-98	13.121856000000001
105	758	99	13.202514
56	823	300	13.207427
-138	518	-274	13.212371000000001
-39	642	-622	13.227447
-74	523	37	13.237701
-96	636	-558	13.242706
-86	625	-312	13.257781
88	625	103	13.307983
-207	591	277	13.313049
32	424	-125	13.318023
-3	368	-248	13.333221
-26	375	-563	13.348265999999999
-98	450	413	13.358184
-84	288	-575	13.408508
-126	134	-132	13.418945
71	516	307	13.428802000000001
-28	307	-305	13.438751
174	308	-226	13.453796
119	-16	-180	13.494079
103	86	-654	13.49942
-2	-110	-128	13.509185
502	39	882	13.519165000000001
116	12	-188	13.52423
273	14	670	13.53421
256	-52	-233	13.544494
108	-432	-86	13.599609000000001
8	-297	233	13.609771
52	-538	-21	13.614715
-29	-271	172	13.624969
81	-591	183	13.629943
144	-568	-189	13.634979
174	-395	-343	13.649932
42	-188	-455	13.695343000000001
387	-574	-304	13.705474
46	-181	-211	13.710388
212	-455	-333	13.720489
174	-521	-242	13.735504
199	-329	470	13.745605
428	-235	23	13.765686
254	-91	-215	13.770751
218	-26	-232	13.785888
57	-1	-202	13.800933
345	-283	103	13.810913
-108	360	141	13.901641
146	435	270	13.91156
-271	499	-193	13.921752
-78	-125	374	13.931671
16	-143	155	13.946929
-523	-97	-196	13.951934
-102	-49	-64	14.012207
129	-159	341	14.0372
115	2	125	14.042297
-53	206	-394	14.047271
74	-134	291	14.057403
-284	186	-408	14.122802
-51	188	118	14.127777
-383	-153	-414	14.137847
-48	277	-107	14.143005
-422	-227	-328	14.152893
-390	155	-111	14.157989
-407	-29	-80	14.173095
-142	-50	-114	14.228332
-175	-27	-332	14.233612
-118	47	-42	14.24353
-182	108	-364	14.248626
-64	151	-461	14.263671
35	-17	248	14.314056
-256	-127	-126	14.318939
-110	-90	475	14.344329
-64	-36	-510	14.3544
116	184	280	14.359069
-184	-131	164	14.364166
-71	-266	-81	14.424652
-18	82	-186	14.449951
117	-152	-21	14.459686
261	135	-196	14.469909
149	-125	273	14.475006
-103	-181	-513	14.525085
155	37	605	14.535125
-53	313	-267	14.54541
59	-144	-424	14.555267
11	200	631	14.565338
79	237	-342	14.575592
-24	183	169	14.620666
-49	215	274	14.635894
12	147	311	14.650817
110	182	186	14.666015
-324	308	-526	14.671997000000001
63	91	-362	14.731292
95	316	269	14.741546
-84	67	-228	14.74652
60	173	-111	14.761505
244	-79	-139	14.781555
145	-237	-158	14.852081
127	-305	-189	14.857054999999999
360	-233	170	14.86203
-139	166	229	14.877165999999999
-2365	1895	205	14.887207
64	548	130	14.947692
1023	439	19	14.952575
1228	-446	351	14.967834
71	-1514	-316	14.977874
847	-91	-99	15.033142
-299	-14	-74	15.043243
209	85	-149	15.058227
195	68	-36	15.063354
-75	136	51	15.073242
-77	159	27	15.078338
22	64	-45	15.133666
34	109	-28	15.158905
33	93	-12	15.163726
8	81	-4	15.178985
-5	125	-43	15.183868
4	105	-51	15.244537000000001
20	73	-5	15.249328
13	83	-15	15.25949
27	125	-16	15.279449
6	92	-28	15.284454
88	132	13	15.32489
11	62	-2	15.334807999999999
-26	81	-23	15.350646000000001
1	119	-22	15.359985
51	75	-12	15.370056
31	162	-30	15.425323
-22	65	-31	15.43045
24	97	-18	15.435424000000001
10	100	-23	15.450469
23	76	-17	15.46051
20	121	-9	15.470733
-8	86	-51	15.475646000000001
10	98	-43	15.525848
26	103	-16	15.53598
0	102	-21	15.546081000000001
16	94	-24	15.571166
13	101	-10	15.576141
10	106	-25	15.621398
14	101	-30	15.631651999999999
15	107	-25	15.636566
8	99	-25	15.646728
15	101	-26	15.656616
14	104	-27	15.677062
12	102	-27	15.742187
11	104	-24	15.752319
11	104	-26	15.757324
12	103	-27	15.767272
11	103	-25	15.777526
11	102	-25	15.782409
12	101	-24	15.842987
11	102	-25	15.852844000000001
11	102	-27	15.857849
12	104	-25	15.862854
11	103	-26	15.873321
11	103	-26	15.882995000000001
11	102	-26	15.888061
10	102	-25	15.923248000000001
11	104	-26	15.948333
12	105	-25	15.953582
10	101	-26	15.968505
9	102	-27	15.973693
11	102	-27	15.978454
12	103	-25	16.039093
11	102	-26	16.05899
13	103	-25	16.069091
10	102	-27	16.074401
11	103	-26	16.084259
11	103	-26	16.124389
13	104	-27	16.129425
11	103	-26	16.139739
12	103	-25	16.159729
11	102	-27	16.230041
11	106	-24	16.235351
12	103	-26	16.255126
10	102	-24	16.260223
9	103	-27	16.265228
10	103	-26	16.275482
11	103	-25	16.345703
11	103	-25	16.350708
12	103	-24	16.36087
11	102	-26	16.370849
11	102	-27	16.396301
11	104	-25	16.401
11	105	-25	16.45639
12	105	-26	16.461547
11	104	-25	16.476593
11	102	-25	16.486572
11	102	-25	16.491607
12	103	-25	16.506683
12	103	-26	16.551971
12	102	-24	16.562164
12	103	-26	16.567077
10	103	-25	16.572052
12	102	-24	16.577056
11	103	-26	16.592315
11	104	-26	16.597473
11	103	-25	16.632415
12	103	-27	16.637817
11	105	-26	16.647583
10	103	-25	16.657745
12	103	-26	16.667694
11	101	-26	16.718048
10	103	-26	16.733001
10	103	-24	16.753021
12	102	-25	16.758422
11	103	-24	16.773193
11	103	-25	16.818511
10	104	-24	16.833526
10	104	-27	16.843658
13	104	-26	16.858795
12	104	-26	16.868713
12	104	-24	16.924102
11	105	-25	16.944183
10	102	-26	16.949157
12	103	-26	16.959442
9	102	-24	16.974395
12	104	-25	17.029693
10	103	-25	17.034729
12	102	-25	17.05017
11	102	-24	17.06488
13	102	-24	17.07492
11	101	-26	17.085266
12	104	-25	17.140319
12	105	-24	17.145446
11	105	-23	17.150543
11	103	-27	17.170532
11	105	-25	17.180725
10	102	-24	17.220825
10	103	-25	17.235839
12	105	-25	17.246124000000002
10	104	-28	17.25595
11	102	-25	17.276245
13	102	-24	17.321502
13	103	-26	17.326446
11	103	-24	17.336395
11	104	-23	17.341583
11	102	-27	17.361755
11	103	-26	17.366638000000002
10	103	-25	17.436981
11	102	-26	17.442382
11	104	-25	17.447174
10	102	-27	17.452148
12	104	-27	17.482452
11	105	-25	17.487457
11	102	-25	17.542755
11	102	-26	17.552764
11	102	-26	17.562896
10	105	-26	17.56784
10	104	-25	17.57785
12	103	-25	17.587921
10	105	-26	17.603271
12	103	-25	17.618103
10	102	-26	17.628204
11	103	-25	17.638397
11	103	-28	17.65332
10	105	-25	17.769165
11	103	-25	17.774047
9	103	-26	17.779083
11	101	-26	17.784118
12	103	-24	17.799285
13	104	-26	17.809204
11	104	-26	17.854430999999998
10	103	-26	17.859497
10	104	-27	17.869476
11	104	-26	17.904724
12	105	-27	17.90982
11	104	-25	17.965393
11	105	-24	17.970123
12	103	-25	17.980163
12	102	-26	17.985168
12	104	-27	18.010406
11	103	-26	18.050567
12	102	-26	18.055633
10	101	-25	18.060791000000002
12	105	-26	18.065673
11	103	-26	18.075744
11	102	-26	18.085937
12	103	-27	18.091094
12	103	-27	18.105957
10	104	-26	18.151184
12	103	-24	18.171386
14	104	-25	18.1763
12	102	-26	18.186431
10	103	-25	18.251831
12	102	-27	18.257019
12	102	-25	18.27185
10	105	-26	18.276885
11	103	-27	18.291961
12	103	-24	18.302032
11	102	-25	18.307037
11	104	-27	18.372467
10	102	-25	18.387695
12	102	-25	18.392516999999998
11	103	-27	18.402587
12	102	-25	18.468048
11	102	-26	18.473114
10	104	-26	18.478118
12	103	-24	18.48822
11	103	-26	18.503173
11	103	-27	18.523345
12	102	-28	18.568908
11	102	-27	18.588775
11	102	-25	18.59378
10	104	-27	18.614013
12	103	-25	18.618957
10	104	-26	18.623992
12	105	-26	18.654144
