0	0	0	0	2017.5542599999999
0	0	0	0	2017.564178
0	0	0	0	2017.569152
0	0	0	0	2017.579223
0	0	0	0	2017.589447
0	0	0	0	2017.599487
0	0	0	0	2017.6044
0	0	0	0	2017.629547
0	0	0	0	2017.634521
0	0	0	0	2017.640075
0	0	0	0	2017.644653
0	0	0	0	2017.6552120000001
0	0	0	0	2017.664733
0	0	0	0	2017.66983
0	0	0	0	2017.674835
0	0	0	0	2017.710052
0	0	0	0	2017.720367
0	0	0	0	2017.725128
0	0	0	0	2017.730102
0	0	0	0	2017.735168
0	0	0	0	2017.750366
0	0	0	0	2017.755279
0	0	0	0	2017.760498
0	0	0	0	2017.810546
0	0	0	0	2017.815765
0	0	0	0	2017.820678
0	0	0	0	2017.825683
0	0	0	0	2017.830841
0	0	0	0	2017.8357839999999
0	0	0	0	2017.8510430000001
0	0	0	0	2017.855865
0	0	0	0	2017.86087
0	0	0	0	2017.8659360000001
0	0	0	0	2017.976776
0	0	0	0	2017.986633
0	0	0	0	2017.996734
0	0	0	0	2018.001861
0	0	0	0	2018.006713
0	0	0	0	2018.012115
0	0	0	0	2018.016845
0	0	0	0	2018.026885
0	0	0	0	2018.172882
0	0	0	0	2018.1828
0	0	0	0	2018.192901
0	0	0	0	2018.1978450000001
0	0	0	0	2018.203094
0	0	0	0	2018.208099
0	0	0	0	2018.213012
0	0	0	0	2018.2180170000001
0	0	0	0	2018.223114
0	0	0	0	2018.4242239999999
0	0	0	0	2018.429199
0	0	0	0	2018.434417
0	0	0	0	2018.4393
0	0	0	0	2018.444488
0	0	0	0	2018.4494009999999
0	0	0	0	2018.454406
0	0	0	0	2018.464477
0	0	0	0	2018.469665
0	0	0	0	2018.4745480000001
0	0	0	0	2018.479583
0	0	0	0	2018.625457
0	0	0	0	2018.635437
0	0	0	0	2018.6457209999999
0	0	0	0	2018.655731
0	0	0	0	2018.660614
0	0	0	0	2018.6658320000001
0	0	0	0	2018.675781
0	0	0	0	2018.776336
0	0	0	0	2018.786407
0	0	0	0	2018.796417
0	0	0	0	2018.806732
0	0	0	0	2018.816619
0	0	0	0	2018.822448
0	0	0	0	2019.048309
0	0	0	0	2019.057891
0	0	0	0	2019.063079
0	0	0	0	2019.068084
0	0	0	0	2019.073089
0	0	0	0	2019.0781550000002
0	0	0	0	2019.093261
0	0	0	0	2019.2641899999999
0	0	0	0	2019.269226
0	0	0	0	2019.284332
0	0	0	0	2019.299377
0	0	0	0	2019.309509
0	0	0	0	2019.31961
0	0	0	0	2019.445465
0	0	0	0	2019.4505
0	0	0	0	2019.460327
0	0	0	0	2019.470703
0	0	0	0	2019.475708
0	0	0	0	2019.480438
0	0	0	0	2019.4906919999999
0	0	0	0	2019.495574
0	0	0	0	2019.500946
0	0	0	0	2019.505584
0	0	0	0	2019.586151
0	0	0	0	2019.596221
0	0	0	0	2019.606445
0	0	0	0	2019.611541
0	0	0	0	2019.6163940000001
0	0	0	0	2019.626495
0	0	0	0	2019.631408
0	0	0	0	2019.742187
0	0	0	0	2019.752044
0	0	0	0	2019.757171
0	0	0	0	2019.772583
0	0	0	0	2019.787231
0	0	0	0	2019.797332
0	0	0	0	2019.9130850000001
0	0	0	0	2019.923278
0	0	0	0	2019.92807
0	0	0	0	2019.9334410000001
0	0	0	0	2019.938201
0	0	0	0	2019.948181
0	0	0	0	2019.958251
0	0	0	0	2020.084106
0	0	0	0	2020.094329
0	0	0	0	2020.1091609999999
0	0	0	0	2020.114257
0	0	0	0	2020.124298
0	0	0	0	2020.129425
0	0	0	0	2020.255187
0	0	0	0	2020.260253
0	0	0	0	2020.265136
0	0	0	0	2020.27008
0	0	0	0	2020.285217
0	0	0	0	2020.295593
0	0	0	0	2020.39096
0	0	0	0	2020.4060359999999
0	0	0	0	2020.436309
0	0	0	0	2020.516632
0	0	0	0	2020.521728
0	0	0	0	2020.531646
0	0	0	0	2020.541748
0	0	0	0	2020.5519100000001
0	0	0	0	2020.566925
0	0	0	0	2020.6525259999999
0	0	0	0	2020.657531
0	0	0	0	2020.677764
0	0	0	0	2020.697814
0	0	0	0	2020.7840270000002
0	0	0	0	2020.7883299999999
0	0	0	0	2020.803253
0	0	0	0	2020.813476
0	0	0	0	2020.818481
0	0	0	0	2020.82846
0	0	0	0	2020.888854
0	0	0	0	2020.893859
0	0	0	0	2020.903839
0	0	0	0	2020.918945
0	0	0	0	2020.929077
0	0	0	0	2020.939239
0	0	0	0	2020.944702
0	0	0	0	2021.004455
0	0	0	0	2021.009674
0	0	0	0	2021.014465
0	0	0	0	2021.019744
0	0	0	0	2021.034606
0	0	0	0	2021.04486
0	0	0	0	2021.054809
0	0	0	0	2021.145294
0	0	0	0	2021.160369
0	0	0	0	2021.1806940000001
0	0	0	0	2021.195526
0	0	0	0	2021.286437
0	0	0	0	2021.296478
0	0	0	0	2021.31134
0	0	0	0	2021.3163140000001
0	0	0	0	2021.331451
0	0	0	0	2021.4874260000001
0	0	0	0	2021.49237
0	0	0	0	2021.502716
0	0	0	0	2021.512481
0	0	0	0	2021.522766
0	0	0	0	2021.5428160000001
0	0	0	0	2021.613067
0	0	0	0	2021.628326
0	0	0	0	2021.633178
0	0	0	0	2021.648254
0	0	0	0	2021.663665
0	0	0	0	2021.733825
0	0	0	0	2021.753906
0	0	0	0	2021.769012
0	0	0	0	2021.8092040000001
0	0	0	0	2021.8193350000001
0	0	0	0	2021.8293760000001
0	0	0	0	2021.839355
0	0	0	0	2021.894775
0	0	0	0	2021.904937
0	0	0	0	2021.920196
0	0	0	0	2021.9299310000001
0	0	0	0	2021.94522
0	0	0	0	2021.950042
0	0	0	0	2021.980224
0	0	0	0	2021.990478
0	0	0	0	2022.010467
0	0	0	0	2022.0206600000001
0	0	0	0	2022.06076
0	0	0	0	2022.0708
0	0	0	0	2022.086212
0	0	0	0	2022.100982
0	0	0	0	2022.106231
0	0	0	0	2022.116302
0	0	0	0	2022.1563409999999
0	0	0	0	2022.166381
0	0	0	0	2022.18164
0	0	0	0	2022.196502
0	0	0	0	2022.231872
0	0	0	0	2022.24179
0	0	0	0	2022.2520140000001
0	0	0	0	2022.26712
0	0	0	0	2022.312561
0	0	0	0	2022.322296
0	0	0	0	2022.332336
0	0	0	0	2022.352508
0	0	0	0	2022.367584
0	0	0	0	2022.407745
0	0	0	0	2022.4178769999999
0	0	0	0	2022.422851
0	0	0	0	2022.4329520000001
0	0	0	0	2022.443115
0	0	0	0	2022.448059
0	0	0	0	2022.493286
0	0	0	0	2022.503295
0	0	0	0	2022.5184319999998
0	0	0	0	2022.523406
0	0	0	0	2022.543701
0	0	0	0	2022.589019
0	0	0	0	2022.598907
0	0	0	0	2022.6140129999999
0	0	0	0	2022.669555
0	0	0	0	2022.679412
0	0	0	0	2022.694732
0	0	0	0	2022.795135
0	0	0	0	2022.80014
0	0	0	0	2022.840393
0	0	0	0	2022.850402
0	0	0	0	2022.865753
0	0	0	0	2022.920806
0	0	0	0	2022.925964
0	0	0	0	2022.940948
0	0	0	0	2022.945983
0	0	0	0	2022.966186
0	0	0	0	2022.996429
0	0	0	0	2023.0013119999999
0	0	0	0	2023.011444
0	0	0	0	2023.0415950000001
0	0	0	0	2023.051574
0	0	0	0	2023.132171
0	0	0	0	2023.137054
0	0	0	0	2023.1421500000001
0	0	0	0	2023.217498
0	0	0	0	2023.227844
0	0	0	0	2023.242706
0	0	0	0	2023.2527770000002
0	0	0	0	2023.257934
0	0	0	0	2023.343292
0	0	0	0	2023.348419
0	0	0	0	2023.378448
0	0	0	0	2023.4287709999999
0	0	0	0	2023.454132
0	0	0	0	2023.469055
0	0	0	0	2023.564636
0	0	0	0	2023.574768
0	0	0	0	2023.58963
0	0	0	0	2023.59494
0	0	0	0	2023.650238
0	0	0	0	2023.660278
0	0	0	0	2023.6753840000001
0	0	0	0	2023.695373
0	0	0	0	2023.770843
0	0	0	0	2023.78601
0	0	0	0	2023.8160090000001
0	0	0	0	2023.876739
0	0	0	0	2023.881408
0	0	0	0	2023.886535
0	0	0	0	2023.916839
0	0	0	0	2023.921752
0	0	0	0	2023.9771719999999
0	0	0	0	2023.992065
0	0	0	0	2023.997619
0	0	0	0	2024.007415
0	0	0	0	2024.012481
0	0	0	0	2024.027282
0	0	0	0	2024.102844
0	0	0	0	2024.108001
0	0	0	0	2024.118011
0	0	0	0	2024.127929
0	0	0	0	2024.163238
0	0	0	0	2024.173492
0	0	0	0	2024.1932980000001
0	0	0	0	2024.208557
0	0	0	0	2024.263641
0	0	0	0	2024.273773
0	0	0	0	2024.2789910000001
0	0	0	0	2024.283813
0	0	0	0	2024.288879
0	0	0	0	2024.293884
0	0	0	0	2024.304138
0	0	0	0	2024.31961
0	0	0	0	2024.384521
0	0	0	0	2024.39981
0	0	0	0	2024.419647
0	0	0	0	2024.465209
0	0	0	0	2024.480133
0	0	0	0	2024.485076
0	0	0	0	2024.500305
0	0	0	0	2024.515197
0	0	0	0	2024.5607909999999
0	0	0	0	2024.565673
0	0	0	0	2024.575531
0	0	0	0	2024.585601
0	0	0	0	2024.610717
0	0	0	0	2024.615783
0	0	0	0	2024.681365
0	0	0	0	2024.701385
0	0	0	0	2024.721771
0	0	0	0	2024.726684
0	0	0	0	2024.741638
0	0	0	0	2024.751617
0	0	0	0	2024.7619009999999
0	0	0	0	2024.7716970000001
0	0	0	0	2024.796875
0	0	0	0	2024.852142
0	0	0	0	2024.862274
0	0	0	0	2024.872375
0	0	0	0	2024.882507
0	0	0	0	2024.887542
0	0	0	0	2024.897491
0	0	0	0	2024.988128
0	0	0	0	2025.0081169999999
0	0	0	0	2025.0130920000001
0	0	0	0	2025.023254
0	0	0	0	2025.093597
0	0	0	0	2025.103698
0	0	0	0	2025.118865
0	0	0	0	2025.128967
0	0	0	0	2025.13385
0	0	0	0	2025.143859
0	0	0	0	2025.199218
0	0	0	0	2025.214477
0	0	0	0	2025.2294
0	0	0	0	2025.2394100000001
0	0	0	0	2025.294799
0	0	0	0	2025.315399
0	0	0	0	2025.330017
0	0	0	0	2025.40567
0	0	0	0	2025.425567
0	0	0	0	2025.435729
0	0	0	0	2025.440643
0	0	0	0	2025.450714
0	0	0	0	2025.511016
0	0	0	0	2025.521148
0	0	0	0	2025.541442
0	0	0	0	2025.556365
0	0	0	0	2025.601623
0	0	0	0	2025.611633
0	0	0	0	2025.6217040000001
0	0	0	0	2025.636962
0	0	0	0	2025.651885
0	0	0	0	2025.7023920000001
0	0	0	0	2025.717285
0	0	0	0	2025.74237
0	0	0	0	2025.752471
0	0	0	0	2025.802917
0	0	0	0	2025.81784
0	0	0	0	2025.833099
0	0	0	0	2025.837951
0	0	0	0	2025.848144
0	0	0	0	2025.858123
0	0	0	0	2025.9234609999999
0	0	0	0	2025.9337150000001
0	0	0	0	2025.953735
0	0	0	0	2025.963867
0	0	0	0	2026.0393060000001
0	0	0	0	2026.064453
0	0	0	0	2026.069458
0	0	0	0	2026.139801
0	0	0	0	2026.149841
0	0	0	0	2026.164886
0	0	0	0	2026.2303160000001
0	0	0	0	2026.240325
0	0	0	0	2026.250579
0	0	0	0	2026.260437
0	0	0	0	2026.265533
0	0	0	0	2026.321044
0	0	0	0	2026.3259269999999
0	0	0	0	2026.340911
0	0	0	0	2026.37619
0	0	0	0	2026.4315179999999
0	0	0	0	2026.4364620000001
0	0	0	0	2026.441558
0	0	0	0	2026.451934
0	0	0	0	2026.4617
0	0	0	0	2026.4817189999999
0	0	0	0	2026.53244
0	0	0	0	2026.55252
0	0	0	0	2026.577362
0	0	0	0	2026.64273
0	0	0	0	2026.6628719999999
0	0	0	0	2026.672943
0	0	0	0	2026.698181
0	0	0	0	2026.743286
0	0	0	0	2026.748535
0	0	0	0	2026.768493
0	0	0	0	2026.778869
0	0	0	0	2026.793609
0	0	0	0	2026.8541559999999
0	0	0	0	2026.874176
0	0	0	0	2026.884185
0	0	0	0	2026.959594
0	0	0	0	2026.96463
0	0	0	0	2026.9750060000001
0	0	0	0	2026.984771
0	0	0	0	2026.994812
0	0	0	0	2026.9997859999999
0	0	0	0	2027.065216
0	0	0	0	2027.080322
0	0	0	0	2027.085327
0	0	0	0	2027.115539
0	0	0	0	2027.130554
0	0	0	0	2027.140838
0	0	0	0	2027.185974
0	0	0	0	2027.2462759999999
0	0	0	0	2027.251373
0	0	0	0	2027.2565
0	0	0	0	2027.261383
0	0	0	0	2027.2764889999999
0	0	0	0	2027.281524
0	0	0	0	2027.291534
0	0	0	0	2027.382171
0	0	0	0	2027.392089
0	0	0	0	2027.4022519999999
0	0	0	0	2027.498107
0	0	0	0	2027.507904
0	0	0	0	2027.522857
0	0	0	0	2027.573272
0	0	0	0	2027.598449
0	0	0	0	2027.618621
0	0	0	0	2027.623687
0	0	0	0	2027.694091
0	0	0	0	2027.704071
0	0	0	0	2027.709045
0	0	0	0	2027.724304
0	0	0	0	2027.734313
0	0	0	0	2027.739379
0	0	0	0	2027.804595
0	0	0	0	2027.814697
0	0	0	0	2027.82492
0	0	0	0	2027.839813
0	0	0	0	2027.90039
0	0	0	0	2027.915252
0	0	0	0	2027.920471
0	0	0	0	2027.925262
0	0	0	0	2027.9455560000001
0	0	0	0	2028.0108639999999
0	0	0	0	2028.0161130000001
0	0	0	0	2028.0259700000001
0	0	0	0	2028.031005
0	0	0	0	2028.126556
0	0	0	0	2028.14682
0	0	0	0	2028.151611
0	0	0	0	2028.166717
0	0	0	0	2028.176818
0	0	0	0	2028.22229
0	0	0	0	2028.262451
0	0	0	0	2028.3377679999999
0	0	0	0	2028.343139
0	0	0	0	2028.347808
0	0	0	0	2028.3578790000001
0	0	0	0	2028.3628840000001
0	0	0	0	2028.36795
0	0	0	0	2028.383239
0	0	0	0	2028.3880920000001
0	0	0	0	2028.463684
0	0	0	0	2028.478759
0	0	0	0	2028.4837029999999
0	0	0	0	2028.488586
0	0	0	0	2028.544128
0	0	0	0	2028.549041
0	0	0	0	2028.564178
0	0	0	0	2028.584625
0	0	0	0	2028.619384
0	0	0	0	2028.624633
0	0	0	0	2028.649597
0	0	0	0	2028.654602
0	0	0	0	2028.664825
0	0	0	0	2028.725128
0	0	0	0	2028.755249
0	0	0	0	2028.7653500000001
0	0	0	0	2028.835845
0	0	0	0	2028.855834
0	0	0	0	2028.866424
0	0	0	0	2028.875976
0	0	0	0	2028.880981
0	0	0	0	2028.9514159999999
0	0	0	0	2028.966644
0	0	0	0	2028.981567
0	0	0	0	2029.0569759999998
0	0	0	0	2029.062194
0	0	0	0	2029.077331
0	0	0	0	2029.097381
0	0	0	0	2029.112365
0	0	0	0	2029.1628110000001
0	0	0	0	2029.167724
0	0	0	0	2029.172668
0	0	0	0	2029.187896
0	0	0	0	2029.1929930000001
0	0	0	0	2029.2684020000002
0	0	0	0	2029.27835
0	0	0	0	2029.288574
0	0	0	0	2029.2984609999999
0	0	0	0	2029.308654
0	0	0	0	2029.318511
0	0	0	0	2029.36383
0	0	0	0	2029.37387
0	0	0	0	2029.384094
0	0	0	0	2029.4090879999999
0	0	0	0	2029.419311
0	0	0	0	2029.459411
0	0	0	0	2029.474487
0	0	0	0	2029.489532
0	0	0	0	2029.494598
0	0	0	0	2029.509796
0	0	0	0	2029.5952750000001
0	0	0	0	2029.610229
0	0	0	0	2029.6154470000001
0	0	0	0	2029.635467
0	0	0	0	2029.70578
0	0	0	0	2029.7160939999999
0	0	0	0	2029.731048
0	0	0	0	2029.735992
0	0	0	0	2029.7462150000001
0	0	0	0	2029.756286
0	0	0	0	2029.816497
0	0	0	0	2029.821685
0	0	0	0	2029.841918
0	0	0	0	2029.851684
0	0	0	0	2029.861785
0	0	0	0	2029.932159
0	0	0	0	2029.942413
0	0	0	0	2029.947265
0	0	0	0	2029.9573970000001
0	0	0	0	2029.967407
0	0	0	0	2030.01773
0	0	0	0	2030.037994
0	0	0	0	2030.047851
0	0	0	0	2030.073333
0	0	0	0	2030.13858
0	0	0	0	2030.148498
0	0	0	0	2030.158508
0	0	0	0	2030.173614
0	0	0	0	2030.178741
0	0	0	0	2030.2390129999999
0	0	0	0	2030.24411
0	0	0	0	2030.254089
0	0	0	0	2030.274414
0	0	0	0	2030.279327
0	0	0	0	2030.33966
0	0	0	0	2030.344726
0	0	0	0	2030.369689
0	0	0	0	2030.379882
0	0	0	0	2030.395172
0	0	0	0	2030.440307
0	0	0	0	2030.450225
0	0	0	0	2030.4604180000001
0	0	0	0	2030.475677
0	0	0	0	2030.495697
0	0	0	0	2030.565948
0	0	0	0	2030.576019
0	0	0	0	2030.601257
0	0	0	0	2030.606262
0	0	0	0	2030.656707
0	0	0	0	2030.661499
0	0	0	0	2030.6716000000001
0	0	0	0	2030.681701
0	0	0	0	2030.691894
0	0	0	0	2030.701782
0	0	0	0	2030.706787
0	0	0	0	2030.7772519999999
0	0	0	0	2030.782257
0	0	0	0	2030.792297
0	0	0	0	2030.807373
0	0	0	0	2030.812469
0	0	0	0	2030.862731
0	0	0	0	2030.872955
0	0	0	0	2030.888061
0	0	0	0	2030.9029540000001
0	0	0	0	2030.963378
0	0	0	0	2030.973419
0	0	0	0	2030.978424
0	0	0	0	2031.058929
0	0	0	0	2031.063903
0	0	0	0	2031.068969
0	0	0	0	2031.089111
0	0	0	0	2031.094116
0	0	0	0	2031.109191
0	0	0	0	2031.1444390000001
0	0	0	0	2031.1696160000001
0	0	0	0	2031.179809
0	0	0	0	2031.189758
0	0	0	0	2031.250061
0	0	0	0	2031.26007
0	0	0	0	2031.2752679999999
0	0	0	0	2031.285308
0	0	0	0	2031.295318
0	0	0	0	2031.305328
0	0	0	0	2031.3457640000001
0	0	0	0	2031.351013
0	0	0	0	2031.36087
0	0	0	0	2031.370727
0	0	0	0	2031.4662779999999
0	0	0	0	2031.476562
0	0	0	0	2031.481597
0	0	0	0	2031.501495
0	0	0	0	2031.516571
0	0	0	0	2031.52185
0	0	0	0	2031.576934
0	0	0	0	2031.592102
0	0	0	0	2031.597229
0	0	0	0	2031.60736
0	0	0	0	2031.692657
0	0	0	0	2031.697662
0	0	0	0	2031.7127679999999
0	0	0	0	2031.73822
0	0	0	0	2031.743011
0	0	0	0	2031.7882690000001
0	0	0	0	2031.813507
0	0	0	0	2031.823455
0	0	0	0	2031.838562
0	0	0	0	2031.914001
0	0	0	0	2031.924194
0	0	0	0	2031.939117
0	0	0	0	2031.999481
0	0	0	0	2032.014556
0	0	0	0	2032.024749
0	0	0	0	2032.0298149999999
0	0	0	0	2032.034729
0	0	0	0	2032.095245
0	0	0	0	2032.120208
0	0	0	0	2032.130249
0	0	0	0	2032.1403500000001
0	0	0	0	2032.2058710000001
0	0	0	0	2032.210754
0	0	0	0	2032.220855
0	0	0	0	2032.230834
0	0	0	0	2032.28128
0	0	0	0	2032.2863459999999
0	0	0	0	2032.296295
0	0	0	0	2032.326538
0	0	0	0	2032.336517
0	0	0	0	2032.3818959999999
0	0	0	0	2032.386962
0	0	0	0	2032.427093
0	0	0	0	2032.487518
0	0	0	0	2032.492462
0	0	0	0	2032.507507
0	0	0	0	2032.522613
0	0	0	0	2032.532653
0	0	0	0	2032.608306
0	0	0	0	2032.613311
0	0	0	0	2032.64331
0	0	0	0	2032.6486810000001
0	0	0	0	2032.7036739999999
0	0	0	0	2032.713867
0	0	0	0	2032.7237850000001
0	0	0	0	2032.753997
0	0	0	0	2032.8096
0	0	0	0	2032.8243400000001
0	0	0	0	2032.8546139999999
0	0	0	0	2032.9100640000001
0	0	0	0	2032.919982
0	0	0	0	2032.9249869999999
0	0	0	0	2032.9501639999999
0	0	0	0	2033.005645
0	0	0	0	2033.01065
0	0	0	0	2033.035705
0	0	0	0	2033.0408320000001
0	0	0	0	2033.111175
0	0	0	0	2033.121154
0	0	0	0	2033.1313169999999
0	0	0	0	2033.146301
0	0	0	0	2033.221771
0	0	0	0	2033.231933
0	0	0	0	2033.241943
0	0	0	0	2033.2570190000001
0	0	0	0	2033.2671500000001
0	0	0	0	2033.327362
0	0	0	0	2033.357513
0	0	0	0	2033.377655
0	0	0	0	2033.448089
0	0	0	0	2033.473205
0	0	0	0	2033.5386039999999
0	0	0	0	2033.563934
0	0	0	0	2033.5788870000001
0	0	0	0	2033.583862
0	0	0	0	2033.6292720000001
0	0	0	0	2033.6391290000001
0	0	0	0	2033.664398
0	0	0	0	2033.724853
0	0	0	0	2033.735168
0	0	0	0	2033.749847
0	0	0	0	2033.7550959999999
0	0	0	0	2033.759918
0	0	0	0	2033.810211
0	0	0	0	2033.830322
0	0	0	0	2033.840393
0	0	0	0	2033.860565
0	0	0	0	2033.910766
0	0	0	0	2033.921081
0	0	0	0	2033.930877
0	0	0	0	2033.940979
0	0	0	0	2033.945983
0	0	0	0	2033.966186
0	0	0	0	2034.011352
0	0	0	0	2034.026458
0	0	0	0	2034.03656
0	0	0	0	2034.056854
0	0	0	0	2034.061798
0	0	0	0	2034.111999
0	0	0	0	2034.132202
0	0	0	0	2034.142303
0	0	0	0	2034.227722
0	0	0	0	2034.2326659999999
0	0	0	0	2034.252807
0	0	0	0	2034.258087
0	0	0	0	2034.2679130000001
0	0	0	0	2034.272949
0	0	0	0	2034.353454
0	0	0	0	2034.358581
0	0	0	0	2034.378997
0	0	0	0	2034.398712
0	0	0	0	2034.45404
0	0	0	0	2034.474304
0	0	0	0	2034.484252
0	0	0	0	2034.499481
0	0	0	0	2034.504516
0	0	0	0	2034.559631
0	0	0	0	2034.574676
0	0	0	0	2034.655181
0	0	0	0	2034.675292
0	0	0	0	2034.680419
0	0	0	0	2034.690399
0	0	0	0	2034.710632
0	0	0	0	2034.755737
0	0	0	0	2034.766021
0	0	0	0	2034.770843
0	0	0	0	2034.781127
0	0	0	0	2034.866546
0	0	0	0	2034.886688
0	0	0	0	2034.9017939999999
0	0	0	0	2034.911773
0	0	0	0	2034.987274
0	0	0	0	2035.012359
0	0	0	0	2035.0173949999999
0	0	0	0	2035.0578
0	0	0	0	2035.072723
0	0	0	0	2035.0930779999999
0	0	0	0	2035.0979
0	0	0	0	2035.103057
0	0	0	0	2035.112915
0	0	0	0	2035.173278
0	0	0	0	2035.183532
0	0	0	0	2035.198486
0	0	0	0	2035.213562
0	0	0	0	2035.268859
0	0	0	0	2035.283935
0	0	0	0	2035.299072
0	0	0	0	2035.369445
0	0	0	0	2035.384857
0	0	0	0	2035.389739
0	0	0	0	2035.4249869999999
0	0	0	0	2035.475097
0	0	0	0	2035.480133
0	0	0	0	2035.485382
0	0	0	0	2035.500213
0	0	0	0	2035.510284
0	0	0	0	2035.515502
0	0	0	0	2035.530395
0	0	0	0	2035.575683
0	0	0	0	2035.595886
0	0	0	0	2035.6058950000001
0	0	0	0	2035.616088
0	0	0	0	2035.6210019999999
0	0	0	0	2035.626159
0	0	0	0	2035.676391
0	0	0	0	2035.686431
0	0	0	0	2035.696441
0	0	0	0	2035.726562
0	0	0	0	2035.777008
0	0	0	0	2035.787078
0	0	0	0	2035.802001
0	0	0	0	2035.807189
0	0	0	0	2035.8273920000001
0	0	0	0	2035.882507
0	0	0	0	2035.91275
0	0	0	0	2035.92276
0	0	0	0	2035.988311
0	0	0	0	2035.9931940000001
0	0	0	0	2036.00354
0	0	0	0	2036.01831
0	0	0	0	2036.023376
0	0	0	0	2036.028503
0	0	0	0	2036.0386349999999
0	0	0	0	2036.088775
0	0	0	0	2036.098754
0	0	0	0	2036.103942
0	0	0	0	2036.1189570000001
0	0	0	0	2036.128967
0	0	0	0	2036.149291
0	0	0	0	2036.159149
0	0	0	0	2036.184326
0	0	0	0	2036.1943959999999
0	0	0	0	2036.204559
0	0	0	0	2036.2699579999999
0	0	0	0	2036.284912
0	0	0	0	2036.289916
0	0	0	0	2036.305084
0	0	0	0	2036.310638
0	0	0	0	2036.405639
0	0	0	0	2036.410705
0	0	0	0	2036.425842
0	0	0	0	2036.440887
0	0	0	0	2036.4458610000001
0	0	0	0	2036.521362
0	0	0	0	2036.531372
0	0	0	0	2036.546447
0	0	0	0	2036.556549
0	0	0	0	2036.627105
0	0	0	0	2036.637084
0	0	0	0	2036.65213
0	0	0	0	2036.667205
0	0	0	0	2036.727539
0	0	0	0	2036.742614
0	0	0	0	2036.753021
0	0	0	0	2036.767883
0	0	0	0	2036.782897
0	0	0	0	2036.833374
0	0	0	0	2036.8382259999998
0	0	0	0	2036.858276
0	0	0	0	2036.863403
0	0	0	0	2036.868377
0	0	0	0	2036.8785090000001
0	0	0	0	2036.923706
0	0	0	0	2036.943878
0	0	0	0	2036.959075
0	0	0	0	2037.024383
0	0	0	0	2037.069549
0	0	0	0	2037.0748290000001
0	0	0	0	2037.134948
0	0	0	0	2037.145202
0	0	0	0	2037.155334
0	0	0	0	2037.1651299999999
0	0	0	0	2037.180389
0	0	0	0	2037.250701
0	0	0	0	2037.260711
0	0	0	0	2037.270782
0	0	0	0	2037.295959
0	0	0	0	2037.346313
0	0	0	0	2037.356445
0	0	0	0	2037.366485
0	0	0	0	2037.3815
0	0	0	0	2037.386505
0	0	0	0	2037.396759
0	0	0	0	2037.4619440000001
0	0	0	0	2037.487091
0	0	0	0	2037.497161
0	0	0	0	2037.552429
0	0	0	0	2037.567779
0	0	0	0	2037.577697
0	0	0	0	2037.592834
0	0	0	0	2037.6078790000001
0	0	0	0	2037.653198
0	0	0	0	2037.658172
0	0	0	0	2037.678405
0	0	0	0	2037.6932980000001
0	0	0	0	2037.7639159999999
0	0	0	0	2037.778808
0	0	0	0	2037.783874
0	0	0	0	2037.7889089999999
0	0	0	0	2037.804107
0	0	0	0	2037.854278
0	0	0	0	2037.8644709999999
0	0	0	0	2037.87442
0	0	0	0	2037.889495
0	0	0	0	2037.904602
0	0	0	0	2037.960296
0	0	0	0	2037.980072
0	0	0	0	2037.990112
0	0	0	0	2037.995269
0	0	0	0	2038.08081
0	0	0	0	2038.09085
0	0	0	0	2038.1008299999999
0	0	0	0	2038.105712
0	0	0	0	2038.115844
0	0	0	0	2038.181213
0	0	0	0	2038.20642
0	0	0	0	2038.256958
0	0	0	0	2038.266723
0	0	0	0	2038.281951
0	0	0	0	2038.2870480000001
0	0	0	0	2038.40274
0	0	0	0	2038.432769
0	0	0	0	2038.477935
0	0	0	0	2038.483428
0	0	0	0	2038.488128
0	0	0	0	2038.498138
0	0	0	0	2038.508148
0	0	0	0	2038.558654
0	0	0	0	2038.573547
0	0	0	0	2038.578826
0	0	0	0	2038.603881
0	0	0	0	2038.613983
0	0	0	0	2038.659271
0	0	0	0	2038.664154
0	0	0	0	2038.669097
0	0	0	0	2038.684448
0	0	0	0	2038.689453
0	0	0	0	2038.704315
0	0	0	0	2038.7648920000001
0	0	0	0	2038.769866
0	0	0	0	2038.774932
0	0	0	0	2038.784881
0	0	0	0	2038.794921
0	0	0	0	2038.86026
0	0	0	0	2038.870422
0	0	0	0	2038.890594
0	0	0	0	2038.910552
0	0	0	0	2038.991027
0	0	0	0	2038.996246
0	0	0	0	2039.016296
0	0	0	0	2039.021301
0	0	0	0	2039.081787
0	0	0	0	2039.086822
0	0	0	0	2039.091644
0	0	0	0	2039.10675
0	0	0	0	2039.111816
0	0	0	0	2039.136962
0	0	0	0	2039.1872250000001
0	0	0	0	2039.227539
0	0	0	0	2039.242614
0	0	0	0	2039.298065
0	0	0	0	2039.3129880000001
0	0	0	0	2039.317962
0	0	0	0	2039.338195
0	0	0	0	2039.3833610000001
0	0	0	0	2039.3984679999999
0	0	0	0	2039.4136039999999
0	0	0	0	2039.423675
0	0	0	0	2039.438842
0	0	0	0	2039.494262
0	0	0	0	2039.509155
0	0	0	0	2039.519287
0	0	0	0	2039.584594
0	0	0	0	2039.604705
0	0	0	0	2039.614807
0	0	0	0	2039.62503
0	0	0	0	2039.690582
0	0	0	0	2039.700317
0	0	0	0	2039.7255850000001
0	0	0	0	2039.811126
0	0	0	0	2039.831054
0	0	0	0	2039.836029
0	0	0	0	2039.906555
0	0	0	0	2039.926666
0	0	0	0	2039.972106
0	0	0	0	2039.982147
0	0	0	0	2039.9970389999999
0	0	0	0	2040.002105
0	0	0	0	2040.022216
0	0	0	0	2040.077667
0	0	0	0	2040.1177969999999
0	0	0	0	2040.1228019999999
0	0	0	0	2040.163116
0	0	0	0	2040.1734609999999
0	0	0	0	2040.183227
0	0	0	0	2040.1983030000001
0	0	0	0	2040.218414
0	0	0	0	2040.279022
0	0	0	0	2040.283782
0	0	0	0	2040.3038940000001
0	0	0	0	2040.324035
0	0	0	0	2040.389404
0	0	0	0	2040.404785
0	0	0	0	2040.409606
0	0	0	0	2040.414764
0	0	0	0	2040.429626
0	0	0	0	2040.479949
0	0	0	0	2040.485046
0	0	0	0	2040.48999
0	0	0	0	2040.510131
0	0	0	0	2040.520172
0	0	0	0	2040.5302120000001
0	0	0	0	2040.60086
0	0	0	0	2040.610717
0	0	0	0	2040.625793
0	0	0	0	2040.7114860000001
0	0	0	0	2040.71643
0	0	0	0	2040.736633
0	0	0	0	2040.741546
0	0	0	0	2040.8019100000001
0	0	0	0	2040.842163
0	0	0	0	2040.847229
0	0	0	0	2040.85733
0	0	0	0	2040.9125669999999
0	0	0	0	2040.927764
0	0	0	0	2040.9379880000001
0	0	0	0	2040.958038
0	0	0	0	2041.0081169999999
0	0	0	0	2041.01828
0	0	0	0	2041.0282280000001
0	0	0	0	2041.0332640000001
0	0	0	0	2041.048339
0	0	0	0	2041.098815
0	0	0	0	2041.113677
0	0	0	0	2041.118804
0	0	0	0	2041.133911
0	0	0	0	2041.214324
0	0	0	0	2041.2295530000001
0	0	0	0	2041.234497
0	0	0	0	2041.2444759999998
0	0	0	0	2041.300048
0	0	0	0	2041.315032
0	0	0	0	2041.324951
0	0	0	0	2041.335113
0	0	0	0	2041.340209
0	0	0	0	2041.405456
0	0	0	0	2041.415679
0	0	0	0	2041.425872
0	0	0	0	2041.440704
0	0	0	0	2041.445739
0	0	0	0	2041.4559020000002
0	0	0	0	2041.506134
0	0	0	0	2041.516265
0	0	0	0	2041.53125
0	0	0	0	2041.541473
0	0	0	0	2041.606689
0	0	0	0	2041.611877
0	0	0	0	2041.631774
0	0	0	0	2041.652008
0	0	0	0	2041.662139
0	0	0	0	2041.702514
0	0	0	0	2041.722381
0	0	0	0	2041.7427969999999
0	0	0	0	2041.802856
0	0	0	0	2041.8129880000001
0	0	0	0	2041.82312
0	0	0	0	2041.8382259999998
0	0	0	0	2041.853149
0	0	0	0	2041.898406
0	0	0	0	2041.908477
0	0	0	0	2041.918487
0	0	0	0	2041.933593
0	0	0	0	2042.004211
0	0	0	0	2042.019104
0	0	0	0	2042.099761
0	0	0	0	2042.105072
0	0	0	0	2042.12976
0	0	0	0	2042.140136
0	0	0	0	2042.195251
0	0	0	0	2042.2005
0	0	0	0	2042.2152700000001
0	0	0	0	2042.23056
0	0	0	0	2042.2454830000001
0	0	0	0	2042.29074
0	0	0	0	2042.300811
0	0	0	0	2042.3259269999999
0	0	0	0	2042.341064
0	0	0	0	2042.346191
0	0	0	0	2042.376495
0	0	0	0	2042.386474
0	0	0	0	2042.396545
0	0	0	0	2042.406463
0	0	0	0	2042.411468
0	0	0	0	2042.421478
0	0	0	0	2042.507232
0	0	0	0	2042.532226
0	0	0	0	2042.5372
0	0	0	0	2042.547485
0	0	0	0	2042.5976249999999
0	0	0	0	2042.6025690000001
0	0	0	0	2042.622894
0	0	0	0	2042.62799
0	0	0	0	2042.6429130000001
0	0	0	0	2042.653259
0	0	0	0	2042.698181
0	0	0	0	2042.708435
0	0	0	0	2042.718505
0	0	0	0	2042.753753
0	0	0	0	2042.8190610000001
0	0	0	0	2042.823944
0	0	0	0	2042.834075
0	0	0	0	2042.854187
0	0	0	0	2042.929595
0	0	0	0	2042.9346
0	0	0	0	2042.9448849999999
0	0	0	0	2042.954772
0	0	0	0	2042.969818
0	0	0	0	2042.98001
0	0	0	0	2043.030426
0	0	0	0	2043.065399
0	0	0	0	2043.0855099999999
0	0	0	0	2043.1257620000001
0	0	0	0	2043.140869
0	0	0	0	2043.1559750000001
0	0	0	0	2043.16098
0	0	0	0	2043.231475
0	0	0	0	2043.241638
0	0	0	0	2043.246398
0	0	0	0	2043.2565610000001
0	0	0	0	2043.26651
0	0	0	0	2043.347015
0	0	0	0	2043.3621520000002
0	0	0	0	2043.377227
0	0	0	0	2043.382324
0	0	0	0	2043.397613
0	0	0	0	2043.447723
0	0	0	0	2043.468109
0	0	0	0	2043.492889
0	0	0	0	2043.497955
0	0	0	0	2043.563385
0	0	0	0	2043.568511
0	0	0	0	2043.588439
0	0	0	0	2043.598724
0	0	0	0	2043.608795
0	0	0	0	2043.653839
0	0	0	0	2043.6689139999999
0	0	0	0	2043.679107
0	0	0	0	2043.699279
0	0	0	0	2043.7694999999999
0	0	0	0	2043.799743
0	0	0	0	2043.804809
0	0	0	0	2043.90036
0	0	0	0	2043.910369
0	0	0	0	2043.920654
0	0	0	0	2043.9405510000001
0	0	0	0	2044.021026
0	0	0	0	2044.031158
0	0	0	0	2044.056488
0	0	0	0	2044.121856
0	0	0	0	2044.136779
0	0	0	0	2044.141723
0	0	0	0	2044.151947
0	0	0	0	2044.1719659999999
0	0	0	0	2044.23233
0	0	0	0	2044.237518
0	0	0	0	2044.2726440000001
0	0	0	0	2044.2828359999999
0	0	0	0	2044.363098
0	0	0	0	2044.3833610000001
0	0	0	0	2044.4136349999999
0	0	0	0	2044.433563
0	0	0	0	2044.443542
0	0	0	0	2044.46878
0	0	0	0	2044.519256
0	0	0	0	2044.55429
0	0	0	0	2044.564331
0	0	0	0	2044.569427
70	70	70	70	2044.605438
70	70	70	70	2044.614746
70	70	70	70	2044.619689
70	70	70	70	2044.634704
70	70	70	70	2044.644927
70	70	70	70	2044.660034
70	70	70	70	2044.73529
70	70	70	70	2044.755401
70	70	70	70	2044.775695
70	70	70	70	2044.8258660000001
70	70	70	70	2044.8308710000001
70	70	70	70	2044.8460380000001
70	70	70	70	2044.850982
70	70	70	70	2044.866027
70	70	70	70	2044.8712759999999
70	70	70	70	2044.881347
70	70	70	70	2044.961791
70	70	70	70	2044.971893
70	70	70	70	2044.996795
70	70	70	70	2045.067718
70	70	70	70	2045.08258
70	70	70	70	2045.087432
70	70	70	70	2045.1026299999999
70	70	70	70	2045.107543
70	70	70	70	2045.168029
70	70	70	70	2045.192962
70	70	70	70	2045.2132259999998
70	70	70	70	2045.223175
70	70	70	70	2045.293762
70	70	70	70	2045.298706
70	70	70	70	2045.303741
70	70	70	70	2045.3339230000001
70	70	70	70	2045.409332
70	70	70	70	2045.414337
70	70	70	70	2045.4294730000001
70	70	70	70	2045.434448
70	70	70	70	2045.4395140000001
72	72	72	72	2045.504913
72	72	72	72	2045.519989
72	72	72	72	2045.5854789999999
72	72	72	72	2045.595428
72	72	72	72	2045.600463
72	72	72	72	2045.620788
72	72	72	72	2045.6307980000001
72	72	72	72	2045.706054
72	72	72	72	2045.716186
72	72	72	72	2045.726318
72	72	72	72	2045.731262
72	72	72	72	2045.741241
72	72	72	72	2045.746337
72	72	72	72	2045.786712
72	72	72	72	2045.8117670000001
72	72	72	72	2045.831817
72	72	72	72	2045.90216
72	72	72	72	2045.907287
72	72	72	72	2045.9173580000001
72	72	72	72	2045.932403
72	72	72	72	2045.9978019999999
72	72	72	72	2046.013061
72	72	72	72	2046.022949
72	72	72	72	2046.027984
72	72	72	72	2046.032928
72	72	72	72	2046.048217
72	72	72	72	2046.093383
72	72	72	72	2046.1087029999999
72	72	72	72	2046.188934
72	72	72	72	2046.203979
72	72	72	72	2046.214172
72	72	72	72	2046.2290950000001
72	72	72	72	2046.239379
78	76	76	72	2046.2996210000001
76	77	74	75	2046.304748
81	80	80	77	2046.324676
76	83	74	85	2046.339996
79	81	80	78	2046.349884
80	87	79	89	2046.415283
87	89	88	86	2046.430358
89	88	86	88	2046.460571
89	93	90	94	2046.510833
92	101	90	99	2046.520996
95	94	97	96	2046.536132
94	98	93	97	2046.541046
99	102	97	101	2046.601684
97	101	98	102	2046.6064139999999
96	112	96	109	2046.641662
101	108	98	107	2046.646575
107	108	106	109	2046.7170409999999
112	112	109	113	2046.737182
111	113	110	112	2046.742187
108	115	110	113	2046.7523489999999
113	119	113	117	2046.792846
117	122	117	121	2046.822631
116	124	115	123	2046.832794
116	123	115	124	2046.837738
116	121	116	125	2046.842834
116	121	117	123	2046.847808
123	124	122	125	2046.903167
123	124	123	124	2046.908142
121	127	120	127	2046.918182
126	130	124	131	2046.9284360000001
126	129	127	128	2046.943389
128	136	127	135	2046.978637
129	133	131	133	2046.98883
129	133	130	133	2046.993835
133	131	131	132	2047.008758
138	141	138	141	2047.074157
141	137	142	138	2047.094482
140	137	143	138	2047.099304
138	148	139	149	2047.124603
144	150	145	151	2047.215118
151	152	152	151	2047.225097
153	148	153	152	2047.240112
150	162	150	160	2047.295593
150	162	150	161	2047.300506
155	163	155	165	2047.325683
153	165	152	167	2047.335845
156	164	156	163	2047.345794
155	174	156	169	2047.411071
161	165	160	168	2047.421264
166	167	167	171	2047.4262079999999
172	160	174	164	2047.441284
172	165	171	163	2047.451324
174	182	171	175	2047.5370480000001
176	180	172	174	2047.542022
179	173	178	172	2047.552093
187	176	184	175	2047.627441
185	174	183	180	2047.637573
177	191	177	181	2047.6779470000001
180	185	174	187	2047.722991
180	188	174	188	2047.728027
183	188	174	186	2047.733062
183	186	174	187	2047.738525
180	190	173	187	2047.753204
184	185	185	183	2047.858978
183	187	188	180	2047.8690179999999
181	191	188	182	2047.893981
188	186	195	177	2047.949432
188	186	190	182	2047.969635
189	185	189	183	2047.974517
190	187	189	184	2047.979766
197	187	190	180	0.029937
196	187	192	180	0.039916
194	187	191	182	0.045013
194	186	193	182	0.054962
194	183	196	182	0.065216
196	181	195	186	0.115356
202	178	200	182	0.13565
202	177	200	183	0.145568
202	176	201	183	0.155609
203	177	204	183	0.200805
206	177	204	179	0.221099
204	183	199	184	0.236206
210	188	191	184	0.306518
212	186	193	183	0.321594
211	184	195	183	0.326721
211	185	196	185	0.3367
208	187	195	188	0.341857
203	192	196	187	0.356842
199	194	197	192	0.40213
201	194	196	191	0.412078
200	196	194	196	0.447326
200	195	197	195	0.452423
201	193	200	193	0.457489
199	193	203	199	0.537811
201	191	204	197	0.557983
203	191	203	197	0.568115
202	192	202	198	0.57312
201	196	202	200	0.583251
197	198	204	196	0.628479
216	215	222	217	0.643554
226	223	231	224	0.653808
231	226	236	225	0.65863
248	227	254	233	0.739074
253	231	255	229	0.759277
248	234	255	233	0.769561
248	239	255	233	0.784637
243	240	255	236	0.78955
234	225	255	225	0.885467
230	229	255	228	0.890075
230	229	255	229	0.900177
230	223	255	223	0.915313
230	219	255	223	0.920227
229	219	255	220	0.930236
229	216	255	219	0.935272
233	222	255	222	1.005737
236	228	255	228	1.015838
237	226	255	221	1.035888
238	221	255	213	1.046203
237	221	255	215	1.050964
241	226	255	222	1.116424
240	232	252	229	1.126403
215	208	225	203	1.1466669999999999
174	155	168	156	1.217041
177	156	170	156	1.232055
170	150	163	152	1.252105
166	150	159	149	1.262207
165	153	161	152	1.332519
161	155	157	153	1.342651
167	160	165	158	1.362792
178	173	179	179	1.428283
179	172	180	177	1.433654
181	170	181	175	1.443267
182	169	181	175	1.453308
182	169	180	174	1.463317
185	174	183	179	1.468688
188	184	192	178	1.523712
187	185	189	180	1.533966
184	187	185	184	1.543823
201	203	194	206	1.639434
205	198	198	198	1.6595149999999999
208	195	200	195	1.664825
218	196	211	198	1.6747130000000001
219	196	210	195	1.689697
221	195	216	197	1.7399900000000001
220	195	216	195	1.7450860000000001
225	200	221	200	1.750244
209	212	204	213	1.770233
204	216	200	218	1.775299
205	216	200	214	1.790557
211	213	206	211	1.855865
218	203	214	202	1.865966
228	198	226	199	1.885864
223	202	221	202	1.891052
211	217	210	215	1.916076
217	206	217	207	1.931152
223	208	221	208	1.9564810000000001
210	220	207	218	1.9714049999999999
209	219	207	217	1.981414
215	211	213	210	1.991943
221	202	220	202	2.001617
224	198	222	199	2.006652
224	198	220	199	2.011596
213	214	207	211	2.03189
208	216	203	215	2.04187
228	193	226	194	2.13739
205	215	203	216	2.16751
210	211	209	207	2.177551
206	212	206	211	2.238098
208	209	210	206	2.242919
219	197	220	195	2.258026
221	195	222	192	2.268157
218	199	216	197	2.278289
213	203	211	202	2.283447
207	203	207	200	2.353729
200	209	202	205	2.363769
209	198	210	197	2.383789
218	194	220	191	2.399047
216	195	216	196	2.409057
220	189	219	188	2.469421
218	189	215	189	2.479858
201	207	199	205	2.504608
196	208	198	209	2.569915
204	202	206	200	2.579956
215	190	215	191	2.590087
209	181	213	183	2.600219
195	197	198	200	2.620269
215	192	218	191	2.675872
213	195	216	193	2.680694
207	202	207	200	2.690643
201	207	204	204	2.6958
200	209	202	204	2.705871
199	200	201	197	2.715972
204	196	207	191	2.725891
218	204	219	198	2.796966
219	202	221	196	2.81137
218	202	219	198	2.82138
218	207	219	202	2.841796
218	211	218	207	2.88681
221	208	219	203	2.906921
217	220	214	214	2.917175
215	221	211	217	2.922271
213	220	211	215	2.937286
216	216	217	207	3.002746
228	200	229	194	3.027679
226	202	225	196	3.032836
216	218	216	213	3.042907
212	222	211	214	3.0578909999999997
227	198	225	194	3.148376
220	205	216	200	3.163696
221	206	216	200	3.198944
224	201	220	195	3.203796
227	198	222	192	3.218872
217	206	213	201	3.229003
212	211	207	207	3.233917
206	218	202	213	3.239074
207	214	205	204	3.2992850000000002
213	206	209	197	3.31958
216	202	214	192	3.324676
221	195	220	188	3.334533
219	198	217	190	3.344512
219	197	219	190	3.404937
204	212	205	202	3.425109
203	213	204	203	3.435089
209	208	210	200	3.44522
212	203	214	196	3.450164
216	200	218	192	3.455322
204	211	203	204	3.500457
210	205	209	199	3.5105589999999998
212	201	212	197	3.515441
212	200	211	198	3.540679
207	207	207	202	3.550659
212	198	215	198	3.591094
211	199	213	200	3.606262
191	191	193	191	3.6261900000000002
200	193	199	193	3.706665
201	193	199	193	3.711608
202	194	199	194	3.721862
203	195	201	192	3.731781
203	196	202	193	3.746826
205	195	204	192	3.752014
208	200	204	197	3.85263
209	198	205	199	3.86267
210	199	205	199	3.877685
209	200	204	202	3.888336
209	205	200	209	3.958221
209	206	201	209	3.968231
211	204	203	206	3.973175
214	200	206	205	3.983337
216	200	206	205	3.98822
212	206	201	210	4.013671
216	207	206	207	4.068695
215	209	203	211	4.078979
218	206	207	206	4.088989
225	200	212	200	4.098876
232	197	218	196	4.159332
235	197	219	195	4.164428
214	219	201	213	4.189453
214	220	201	212	4.199462
226	204	218	197	4.21466
230	204	229	189	4.285186
217	218	217	200	4.315246
224	210	228	191	4.411102
226	207	231	188	4.425842
221	211	227	193	4.436126
223	203	234	186	4.627044
213	213	220	198	4.647277
212	214	219	200	4.652191
212	212	218	202	4.662414
213	209	218	201	4.70755
212	209	218	203	4.712524
224	196	229	190	4.737792
226	195	230	188	4.742736
215	204	220	200	4.763
213	204	219	202	4.813171
209	208	215	206	4.818206
205	209	212	210	4.828247
213	201	222	199	4.843292
218	195	228	195	4.853485
212	198	227	195	4.9137260000000005
213	197	230	193	4.918823
216	196	232	190	4.923919
214	198	230	191	4.938934
204	207	221	201	4.954071
195	216	211	209	4.969299
199	214	211	206	5.024414
196	218	208	208	5.034484
207	209	218	197	5.049926
217	198	229	187	5.059661
219	197	230	184	5.0697019999999995
214	200	223	193	5.12564
214	199	224	192	5.130218
210	204	219	197	5.1400749999999995
209	205	215	200	5.1451720000000005
202	212	207	207	5.15512
198	216	203	213	5.1703790000000005
208	205	218	198	5.260864
207	206	218	199	5.270874
204	216	211	200	5.30606
199	225	205	200	5.356414
202	221	209	195	5.371643
203	221	214	193	5.436889
205	220	216	191	5.441894
207	219	219	191	5.452087000000001
204	222	214	196	5.461975
196	230	205	205	5.477203
203	218	213	202	5.5273129999999995
202	223	211	208	5.532623
196	228	205	214	5.5426020000000005
197	226	207	213	5.5574639999999995
204	218	214	208	5.5676570000000005
207	216	219	206	5.572845
209	213	221	205	5.577911
204	216	219	210	5.622863000000001
206	213	222	207	5.632995
208	212	222	206	5.638031
206	216	217	211	5.673522
213	210	217	211	5.73883
214	205	221	210	5.748687
215	205	221	209	5.753662
210	210	215	213	5.768981
214	210	216	211	5.8544
214	209	216	211	5.8695059999999994
213	212	211	213	5.88446
210	212	208	215	5.960266
213	207	213	211	5.970062
217	205	216	209	5.975189
218	205	218	206	5.9850460000000005
211	210	212	213	6.000244
214	205	222	205	6.050445
208	210	217	209	6.060516
207	211	214	211	6.065643
205	213	212	213	6.070648
210	205	220	207	6.090576
211	204	220	206	6.101043
206	209	213	213	6.115783
205	212	210	214	6.120819
205	211	210	214	6.131042
208	209	213	212	6.136108
209	207	215	210	6.141143
214	202	220	205	6.151
210	204	218	208	6.166259
208	207	215	210	6.171142
203	215	210	215	6.24179
204	214	210	214	6.251556
212	207	214	210	6.261871
209	204	226	204	6.276733
207	204	225	205	6.281768
211	195	235	200	6.337463
204	205	221	209	6.357391
202	208	218	211	6.362274
201	209	216	212	6.367279
211	204	220	206	6.382446
217	197	226	200	6.392547
218	204	222	198	6.458099
215	206	221	200	6.462829
211	213	214	203	6.478027
209	217	211	205	6.483306
211	217	212	203	6.49298
215	217	218	198	6.538482
220	213	223	193	6.553497
223	209	227	190	6.558349
226	207	230	186	6.563476
228	205	233	184	6.568572
226	206	231	189	6.578582
223	209	228	192	6.5836179999999995
225	204	233	190	6.633789
223	206	231	191	6.638824
216	214	223	198	6.6488949999999996
210	220	218	207	6.659057
213	217	221	203	6.669036
217	213	224	200	6.674011
215	216	222	201	6.719482
218	211	225	199	6.734405
220	208	228	197	6.739501
224	200	234	193	6.749694
219	204	229	197	6.764923
218	206	227	198	6.769592
216	208	225	201	6.774627
213	202	227	198	6.820007
209	205	222	204	6.830047
205	208	220	207	6.8349910000000005
206	208	220	206	6.845184
207	204	222	205	6.850097
211	200	226	202	6.855255
219	192	234	197	6.925567
220	188	238	195	6.930572
223	186	241	195	6.940795
214	196	231	203	6.955718
211	198	228	206	6.960754
207	202	224	211	6.970794
207	203	223	211	6.981201
214	198	227	203	7.02124
209	203	221	208	7.031127
209	206	219	208	7.036346
209	206	218	209	7.041412
212	203	221	206	7.05133
219	193	229	198	7.066467
221	192	231	196	7.0715330000000005
208	206	222	206	7.1116019999999995
212	200	228	202	7.121704
214	196	232	199	7.126678
217	193	235	197	7.131774
213	199	232	202	7.146942
209	202	229	206	7.1519770000000005
205	205	226	210	7.1620170000000005
206	205	225	209	7.167022
210	198	230	206	7.207336
206	201	224	213	7.222381
206	202	223	212	7.232391
210	199	225	210	7.242279
215	195	230	204	7.252471
203	205	218	216	7.303008999999999
207	201	222	213	7.30783
209	198	224	211	7.312866
210	196	226	211	7.31784
210	196	226	210	7.322845
208	197	223	214	7.333007
204	200	221	217	7.338073
201	206	216	221	7.348144
199	205	218	222	7.418395
204	200	226	216	7.428833
217	186	239	203	7.443664
215	187	240	204	7.453582
216	211	211	196	7.539306
212	211	211	201	7.54425
207	209	211	207	7.549285
206	201	219	209	7.564422
208	193	225	209	7.574339999999999
209	190	227	209	7.579345
205	193	227	210	7.589508
197	197	221	219	7.6145320000000005
196	197	222	218	7.619659
200	192	228	212	7.639801
198	192	228	214	7.645233
198	193	227	215	7.649841
196	195	224	218	7.659851
194	197	221	219	7.6651299999999996
196	192	223	218	7.740234
202	187	231	208	7.750488
206	182	236	204	7.760711000000001
203	185	234	207	7.770507
202	186	232	208	7.775482
198	190	228	212	7.780578
191	196	219	219	7.790863
189	198	218	221	7.795806
196	187	228	211	7.845916
193	190	221	215	7.871154
199	187	228	206	7.886138
198	186	229	206	7.8912960000000005
197	188	228	207	7.946685
192	192	225	211	7.961578
188	195	220	216	7.987213000000001
190	193	222	214	7.991943
193	190	224	212	7.996826
192	202	218	224	8.052429
195	200	221	219	8.062225
200	194	226	212	8.072357
199	194	227	213	8.077362
200	193	226	214	8.087493
199	196	223	217	8.097412
199	195	223	214	8.162719
199	196	222	215	8.167877
200	195	224	213	8.177825
202	192	228	208	8.197998
201	193	226	210	8.203002
199	194	225	212	8.208007
203	190	227	207	8.253265
202	191	226	205	8.268737
204	190	226	204	8.273712
206	188	228	203	8.28363
204	189	228	205	8.293518
204	190	227	204	8.298614
200	193	221	209	8.308685
199	198	219	209	8.368957
195	202	216	212	8.373901
197	201	215	214	8.384063
203	195	223	205	8.399169
208	191	228	200	8.409271
208	190	228	200	8.414337
209	190	229	199	8.419281
206	191	226	203	8.464508
205	191	226	202	8.474945
196	203	214	212	8.504669
197	201	214	209	8.51007
200	198	217	207	8.515014
199	204	211	207	8.565063
202	203	212	205	8.570068
203	202	214	203	8.575286
207	197	218	200	8.58023
209	195	221	197	8.585235
210	191	224	194	8.590423
213	188	225	191	8.600311
210	193	221	195	8.610504
206	200	215	195	8.680847
195	213	202	206	8.695831
196	213	201	206	8.700927
196	212	203	205	8.706115
204	204	210	197	8.716217
212	196	218	190	8.726013
202	209	204	201	8.76126
210	198	216	193	8.791534
214	195	218	190	8.796569
213	196	217	192	8.806549
208	202	212	196	8.816589
209	206	210	196	8.866973
209	206	208	196	8.877258
208	210	207	196	8.891998
211	208	207	195	8.902221
213	206	209	193	8.907073
212	207	207	193	8.96759
217	202	210	190	8.972442000000001
221	196	216	187	8.982543
218	201	211	193	8.997924
213	205	208	197	9.002593000000001
205	215	200	204	9.012756
202	218	196	208	9.0177
200	220	195	210	9.022979
219	202	216	191	9.047912
221	200	218	189	9.057983
220	202	217	190	9.063171
216	206	212	195	9.067932
205	217	200	206	9.078247
201	221	197	209	9.088287
205	219	200	205	9.093292
214	210	208	197	9.10324
211	214	205	199	9.153686
213	211	208	198	9.168701
218	207	211	195	9.173706
219	205	213	194	9.178771
220	204	213	194	9.188842
218	206	212	196	9.194091
197	192	225	213	9.279357000000001
198	190	225	214	9.284362
199	190	225	214	9.294342
204	194	224	206	9.304473
216	199	221	195	9.319702
219	212	208	195	9.364837
220	211	206	195	9.369812
222	211	207	194	9.379852
223	211	206	197	9.395202
222	213	205	198	9.409973
223	219	205	200	9.480651
235	206	216	188	9.500914999999999
237	204	217	187	9.505584
232	208	213	193	9.515838
227	213	208	198	9.520996
213	227	195	210	9.530822
212	230	192	211	9.535797
223	223	203	202	9.591186
219	230	198	205	9.601287
220	228	198	205	9.611267
228	218	208	197	9.621215
237	207	218	188	9.631408
240	206	219	187	9.636505
235	208	216	192	9.641539999999999
218	227	200	207	9.726989
224	222	205	200	9.742004
227	218	208	198	9.747222
232	213	212	191	9.757293
225	225	211	203	9.802459
228	222	216	197	9.812591
231	219	217	195	9.822509
232	217	218	196	9.827514
225	223	213	199	9.837738
220	229	206	205	9.847808
217	231	204	209	9.907958
221	229	206	204	9.913391
231	219	216	196	9.923187
238	211	226	188	9.933197
241	208	228	184	9.93814
239	210	227	186	9.943328000000001
236	214	225	186	9.988433
242	208	230	182	9.993438
240	207	230	184	10.008728
223	224	214	200	10.023620000000001
218	229	210	204	10.028717
218	228	209	203	10.03894
214	220	211	205	10.104156
215	219	213	203	10.109313
218	214	218	199	10.114166
221	210	220	195	10.119323
229	200	231	187	10.134277
219	210	222	195	10.149414
219	205	224	192	10.205138999999999
210	214	213	203	10.219818
208	219	209	204	10.229858
209	218	209	203	10.235046
214	212	215	197	10.245117
221	205	222	189	10.255004
222	203	223	189	10.260101
219	198	219	191	10.325531
218	199	218	192	10.330413
214	202	213	199	10.350738
212	204	211	201	10.355682
212	205	210	199	10.375762
213	202	212	199	10.385772
215	200	216	195	10.395782
215	202	215	195	10.401153
212	203	212	200	10.415924
211	201	207	204	10.516539999999999
215	199	210	202	10.521667
218	194	215	200	10.536681999999999
216	198	211	202	10.551757
214	200	209	205	10.556701
211	204	209	206	10.567108000000001
218	197	215	201	10.597106
217	197	213	204	10.607147
215	200	212	206	10.612243
211	203	207	211	10.627319
212	202	207	210	10.632385
213	202	209	208	10.637267999999999
216	194	216	204	10.652343
219	193	218	205	10.702667
220	190	220	204	10.707672
215	192	225	204	10.898742
218	189	228	202	10.903839
218	189	231	199	10.918945
210	197	223	209	10.929168
198	208	211	222	10.939056
198	211	209	222	10.949157
200	202	216	218	11.004547
198	204	214	220	11.009521
205	198	222	211	11.024536
215	187	234	202	11.039581
239	212	211	177	11.044737999999999
228	206	215	182	11.050048
222	215	206	188	11.059692
206	195	222	207	11.115081
202	197	223	208	11.120147
200	198	220	211	11.13031
195	200	220	215	11.145263
199	198	222	211	11.150482
201	192	225	208	11.200561
202	192	226	208	11.210723
202	189	229	207	11.226013
205	188	230	205	11.230743
205	189	231	203	11.235717000000001
203	188	228	205	11.246093
204	186	233	201	11.31137
198	192	224	210	11.32138
193	198	217	216	11.336364
194	197	218	214	11.341460999999999
196	195	221	211	11.346588
200	192	224	208	11.351409
202	189	228	205	11.356536
195	194	218	214	11.401855000000001
198	188	223	210	11.421875
200	187	225	207	11.42694
201	185	227	206	11.437194
196	187	221	210	11.452239
198	181	225	204	11.497344
193	188	217	211	11.522583000000001
192	187	218	210	11.527587
193	185	220	208	11.532653
196	183	223	205	11.542724
200	192	221	212	11.587829
201	192	222	210	11.592895
205	189	226	207	11.602996000000001
204	186	227	203	11.608215
200	190	224	208	11.622985
197	195	219	212	11.628204
194	198	216	216	11.633117
209	189	229	203	11.688537
203	193	225	210	11.693634
196	201	216	218	11.708435
198	201	216	217	11.713562
198	200	219	215	11.718536
211	187	234	201	11.738890999999999
209	191	231	205	11.753784
207	194	226	208	11.758849999999999
204	197	223	211	11.763854
199	198	218	213	11.769165000000001
196	203	215	216	11.779052
200	199	220	211	11.789000999999999
206	193	228	205	11.80429
209	195	226	203	11.869537000000001
208	197	224	205	11.87973
204	199	220	206	11.894744
210	196	223	202	11.909790000000001
210	195	225	200	11.919708
211	196	224	199	11.924835
203	202	216	206	12.005431999999999
200	204	212	209	12.015441
209	196	222	199	12.035461
213	193	224	197	12.040496000000001
212	192	226	196	12.045501
213	192	227	194	12.050659
206	206	214	202	12.09085
210	201	218	198	12.100952
211	199	221	197	12.105895
212	198	222	196	12.1109
210	201	219	198	12.120971
205	208	210	205	12.141174
205	209	210	205	12.146270000000001
209	205	212	199	12.191528
205	211	207	203	12.201446
207	209	209	200	12.211608
212	204	213	198	12.221527
218	198	220	191	12.231628
218	197	218	193	12.241638
219	201	218	190	12.292235999999999
218	201	217	192	12.307037000000001
212	206	210	200	12.317077000000001
206	213	204	204	12.332336
207	211	205	204	12.33731
212	206	210	199	12.347290000000001
226	200	215	187	12.422882
225	200	216	188	12.427734000000001
213	213	202	200	12.447875
209	217	200	203	12.453185999999999
213	214	203	201	12.508239
207	219	198	207	12.523315
209	217	200	204	12.52835
219	210	209	195	12.538543
225	202	214	191	12.553741
222	204	212	195	12.558532
220	207	209	196	12.563568
233	196	221	185	12.614074
233	197	220	186	12.61914
230	201	216	189	12.624053
222	209	206	199	12.633972
215	218	199	204	12.6492
219	214	203	203	12.719818
225	210	207	197	12.724516999999999
233	200	216	190	12.739685
233	201	216	191	12.744903
231	205	213	192	12.749786
223	213	205	198	12.759765
216	220	200	204	12.769805
202	195	221	212	12.825103
206	201	216	207	12.835266
213	206	213	198	12.850341
219	206	215	193	12.855407
226	203	216	188	12.865417
225	206	211	190	12.875457
226	212	207	192	12.905609
237	200	216	183	12.92575
226	216	203	197	12.945983
223	219	201	198	12.950835999999999
226	216	205	196	13.006286
215	228	193	208	13.016357
230	213	209	192	13.041503
234	209	213	187	13.046478
236	208	215	184	13.051390999999999
235	209	217	188	13.106902999999999
239	204	220	185	13.116973
237	206	218	186	13.121856000000001
222	222	199	204	13.202514
221	225	196	205	13.207427
218	227	195	205	13.212371000000001
226	217	205	197	13.227447
235	208	213	187	13.237701
237	208	214	186	13.242706
231	212	210	192	13.257781
232	212	209	192	13.307983
230	213	207	193	13.313049
229	215	204	196	13.318023
221	224	196	202	13.333221
226	217	200	200	13.348265999999999
232	212	205	194	13.358184
224	219	196	198	13.408508
240	203	202	186	13.418945
243	199	205	184	13.428802000000001
238	205	199	188	13.438751
224	218	190	198	13.453796
231	207	205	189	13.494079
232	207	205	188	13.49942
227	211	202	191	13.509185
215	222	191	202	13.519165000000001
211	227	186	206	13.52423
211	229	187	204	13.53421
218	220	193	199	13.544494
209	224	192	207	13.599609000000001
213	218	199	202	13.609771
217	213	202	199	13.614715
221	208	206	199	13.624969
219	208	206	199	13.629943
217	210	205	201	13.634979
203	224	193	212	13.649932
213	223	202	202	13.695343000000001
108	125	99	106	13.705474
98	116	90	97	13.710388
91	107	85	90	13.720489
82	116	90	109	13.735504
81	121	91	115	13.745605
95	148	115	149	13.765686
100	155	122	154	13.770751
98	145	124	140	13.785888
130	155	159	151	13.800933
148	161	172	157	13.810913
137	166	131	146	13.901641
150	189	143	168	13.91156
161	205	153	181	13.921752
170	206	165	190	13.931671
147	177	144	166	13.946929
159	179	155	171	13.951934
171	194	177	196	14.012207
163	186	170	184	14.0372
167	191	175	189	14.042297
169	196	178	194	14.047271
172	205	183	199	14.057403
168	193	175	197	14.122802
170	197	180	198	14.127777
178	200	188	199	14.137847
152	171	161	173	14.143005
164	181	174	185	14.152893
169	185	178	190	14.157989
172	199	183	205	14.173095
170	188	183	196	14.228332
175	189	186	199	14.233612
181	191	192	202	14.24353
183	193	194	202	14.248626
174	185	184	192	14.263671
172	189	184	201	14.314056
178	187	190	201	14.318939
178	183	191	199	14.344329
179	190	190	208	14.3544
178	194	190	211	14.359069
178	197	191	211	14.364166
172	180	190	208	14.424652
181	188	203	209	14.449951
185	187	210	206	14.459686
178	177	206	195	14.469909
180	179	208	197	14.475006
179	178	212	202	14.525085
181	180	215	204	14.535125
159	164	193	186	14.54541
161	178	194	201	14.555267
163	188	197	207	14.565338
168	190	202	210	14.575592
187	183	219	205	14.620666
178	191	204	214	14.635894
187	187	212	206	14.650817
193	167	217	188	14.666015
196	167	221	188	14.671997000000001
199	174	216	190	14.731292
198	177	217	193	14.741546
179	160	197	176	14.74652
180	179	199	195	14.761505
186	184	210	198	14.781555
171	170	213	192	14.852081
175	171	217	194	14.857054999999999
176	172	219	197	14.86203
159	155	198	178	14.877165999999999
0	0	0	0	14.887207
0	0	0	0	14.947692
0	0	0	0	14.952575
0	0	0	0	14.967834
0	0	0	0	14.977874
0	0	0	0	15.033142
0	0	0	0	15.043243
0	0	0	0	15.058227
0	0	0	0	15.063354
0	0	0	0	15.073242
0	0	0	0	15.078338
0	0	0	0	15.133666
0	0	0	0	15.158905
0	0	0	0	15.163726
0	0	0	0	15.178985
0	0	0	0	15.183868
0	0	0	0	15.244537000000001
0	0	0	0	15.249328
0	0	0	0	15.25949
0	0	0	0	15.279449
0	0	0	0	15.284454
0	0	0	0	15.32489
0	0	0	0	15.334807999999999
0	0	0	0	15.350646000000001
0	0	0	0	15.359985
0	0	0	0	15.370056
0	0	0	0	15.425323
0	0	0	0	15.43045
0	0	0	0	15.435424000000001
0	0	0	0	15.450469
0	0	0	0	15.46051
0	0	0	0	15.470733
0	0	0	0	15.475646000000001
0	0	0	0	15.525848
0	0	0	0	15.53598
0	0	0	0	15.546081000000001
0	0	0	0	15.571166
0	0	0	0	15.576141
0	0	0	0	15.621398
0	0	0	0	15.631651999999999
0	0	0	0	15.636566
0	0	0	0	15.646728
0	0	0	0	15.656616
0	0	0	0	15.677062
0	0	0	0	15.742187
0	0	0	0	15.752319
0	0	0	0	15.757324
0	0	0	0	15.767272
0	0	0	0	15.777526
0	0	0	0	15.782409
0	0	0	0	15.842987
0	0	0	0	15.852844000000001
0	0	0	0	15.857849
0	0	0	0	15.862854
0	0	0	0	15.873321
0	0	0	0	15.882995000000001
0	0	0	0	15.888061
0	0	0	0	15.923248000000001
0	0	0	0	15.948333
0	0	0	0	15.953582
0	0	0	0	15.968505
0	0	0	0	15.973693
0	0	0	0	15.978454
0	0	0	0	16.039093
0	0	0	0	16.05899
0	0	0	0	16.069091
0	0	0	0	16.074401
0	0	0	0	16.084259
0	0	0	0	16.124389
0	0	0	0	16.129425
0	0	0	0	16.139739
0	0	0	0	16.159729
0	0	0	0	16.230041
0	0	0	0	16.235351
0	0	0	0	16.255126
0	0	0	0	16.260223
0	0	0	0	16.265228
0	0	0	0	16.275482
0	0	0	0	16.345703
0	0	0	0	16.350708
0	0	0	0	16.36087
0	0	0	0	16.370849
0	0	0	0	16.396301
0	0	0	0	16.401
0	0	0	0	16.45639
0	0	0	0	16.461547
0	0	0	0	16.476593
0	0	0	0	16.486572
0	0	0	0	16.491607
0	0	0	0	16.506683
0	0	0	0	16.551971
0	0	0	0	16.562164
0	0	0	0	16.567077
0	0	0	0	16.572052
0	0	0	0	16.577056
0	0	0	0	16.592315
0	0	0	0	16.597473
0	0	0	0	16.632415
0	0	0	0	16.637817
0	0	0	0	16.647583
0	0	0	0	16.657745
0	0	0	0	16.667694
0	0	0	0	16.718048
0	0	0	0	16.733001
0	0	0	0	16.753021
0	0	0	0	16.758422
0	0	0	0	16.773193
0	0	0	0	16.818511
0	0	0	0	16.833526
0	0	0	0	16.843658
0	0	0	0	16.858795
0	0	0	0	16.868713
0	0	0	0	16.924102
0	0	0	0	16.944183
0	0	0	0	16.949157
0	0	0	0	16.959442
0	0	0	0	16.974395
0	0	0	0	17.029693
0	0	0	0	17.034729
0	0	0	0	17.05017
0	0	0	0	17.06488
0	0	0	0	17.07492
0	0	0	0	17.085266
0	0	0	0	17.140319
0	0	0	0	17.145446
0	0	0	0	17.150543
0	0	0	0	17.170532
0	0	0	0	17.180725
0	0	0	0	17.220825
0	0	0	0	17.235839
0	0	0	0	17.246124000000002
0	0	0	0	17.25595
0	0	0	0	17.276245
0	0	0	0	17.321502
0	0	0	0	17.326446
0	0	0	0	17.336395
0	0	0	0	17.341583
0	0	0	0	17.361755
0	0	0	0	17.366638000000002
0	0	0	0	17.436981
0	0	0	0	17.442382
0	0	0	0	17.447174
0	0	0	0	17.452148
0	0	0	0	17.482452
0	0	0	0	17.487457
0	0	0	0	17.542755
0	0	0	0	17.552764
0	0	0	0	17.562896
0	0	0	0	17.56784
0	0	0	0	17.57785
0	0	0	0	17.587921
0	0	0	0	17.603271
0	0	0	0	17.618103
0	0	0	0	17.628204
0	0	0	0	17.638397
0	0	0	0	17.65332
0	0	0	0	17.769165
0	0	0	0	17.774047
0	0	0	0	17.779083
0	0	0	0	17.784118
0	0	0	0	17.799285
0	0	0	0	17.809204
0	0	0	0	17.854430999999998
0	0	0	0	17.859497
0	0	0	0	17.869476
0	0	0	0	17.904724
0	0	0	0	17.90982
0	0	0	0	17.965393
0	0	0	0	17.970123
0	0	0	0	17.980163
0	0	0	0	17.985168
0	0	0	0	18.010406
0	0	0	0	18.050567
0	0	0	0	18.055633
0	0	0	0	18.060791000000002
0	0	0	0	18.065673
0	0	0	0	18.075744
0	0	0	0	18.085937
0	0	0	0	18.091094
0	0	0	0	18.105957
0	0	0	0	18.151184
0	0	0	0	18.171386
0	0	0	0	18.1763
0	0	0	0	18.186431
0	0	0	0	18.251831
0	0	0	0	18.257019
0	0	0	0	18.27185
0	0	0	0	18.276885
0	0	0	0	18.291961
0	0	0	0	18.302032
0	0	0	0	18.307037
0	0	0	0	18.372467
0	0	0	0	18.387695
0	0	0	0	18.392516999999998
0	0	0	0	18.402587
0	0	0	0	18.468048
0	0	0	0	18.473114
0	0	0	0	18.478118
0	0	0	0	18.48822
0	0	0	0	18.503173
0	0	0	0	18.523345
0	0	0	0	18.568908
0	0	0	0	18.588775
0	0	0	0	18.59378
0	0	0	0	18.614013
0	0	0	0	18.618957
0	0	0	0	18.623992
0	0	0	0	18.654144
