12	101	-25	856.5177610000001
11	99	-26	856.522705
12	101	-25	856.5327139999999
12	102	-25	856.5427549999999
13	100	-25	856.562866
10	101	-24	856.568023
11	100	-26	856.573028
12	101	-23	856.5829160000001
12	102	-27	856.588043
12	103	-26	856.593261
10	102	-25	856.598052
13	100	-23	856.603149
11	100	-25	856.608306
12	100	-23	856.613159
12	101	-25	856.618316
11	101	-26	856.638519
12	100	-25	856.6433099999999
12	98	-24	856.653472
12	98	-24	856.658599
14	101	-25	856.663452
11	101	-26	856.673492
12	99	-26	856.678497
11	100	-24	856.693572
12	100	-25	856.703735
12	99	-25	856.7086790000001
11	100	-25	856.713653
12	101	-26	856.718811
11	100	-25	856.7292170000001
11	99	-24	856.738922
10	100	-26	856.743896
12	101	-26	856.749053
11	101	-25	856.754119
11	100	-26	856.759002
12	100	-25	856.8796990000001
11	101	-25	856.889892
11	101	-25	856.89978
13	100	-25	856.914855
11	102	-26	856.920074
13	102	-26	856.924896
11	102	-24	856.930175
12	99	-24	857.070892
12	100	-25	857.075805
11	101	-24	857.080993
11	99	-25	857.0910329999999
11	100	-23	857.100952
12	101	-26	857.105957
12	102	-25	857.111022
11	100	-27	857.121124
12	101	-27	857.126129
11	100	-25	857.2970270000001
12	103	-25	857.302154
13	102	-25	857.322204
11	103	-25	857.33731
11	102	-25	857.347351
10	101	-23	857.528442
12	100	-25	857.533508
11	101	-24	857.538665
11	101	-24	857.543518
12	100	-25	857.548492
12	99	-26	857.553649
11	101	-26	857.558563
11	102	-25	857.563568
13	102	-26	857.568756
12	100	-24	857.573913
12	101	-26	857.75473
11	101	-24	857.759643
11	102	-25	857.779815
10	100	-25	857.789855
12	103	-25	857.8000480000001
12	103	-26	857.804992
12	101	-27	858.001098
12	101	-25	858.03125
11	102	-24	858.0363150000001
11	100	-27	858.041259
12	102	-26	858.05133
11	103	-26	858.151885
13	101	-26	858.161956
12	100	-25	858.167022
12	101	-26	858.177246
11	101	-24	858.182067
12	102	-26	858.19226
11	99	-24	858.202239
11	101	-26	858.383239
11	99	-25	858.388488
11	102	-26	858.408355
12	101	-25	858.413391
12	101	-25	858.423522
12	102	-25	858.433563
12	102	-24	858.5039360000001
12	102	-25	858.508911
11	102	-24	858.5139770000001
11	102	-24	858.524047
11	102	-26	858.529113
11	102	-24	858.549896
12	100	-26	858.6448359999999
11	102	-26	858.654754
11	102	-26	858.664886
11	101	-26	858.674957
12	99	-25	858.680694
11	101	-24	858.690063
12	101	-24	858.695037
13	100	-25	858.775573
12	100	-25	858.7807310000001
12	100	-25	858.805664
11	100	-25	858.815643
9	101	-25	858.825775
11	100	-25	858.916351
12	101	-26	858.921295
12	102	-25	858.931304
11	102	-25	858.936553
11	101	-27	858.951507
12	101	-26	858.956451
12	100	-27	859.046997
13	99	-25	859.052032
10	100	-25	859.0621639999999
11	101	-24	859.067413
12	101	-24	859.072296
12	101	-26	859.077392
11	101	-26	859.092498
10	101	-25	859.097259
11	101	-25	859.102783
10	101	-26	859.1928399999999
11	102	-26	859.2130119999999
12	103	-24	859.228057
11	101	-24	859.2481379999999
10	101	-26	859.333618
12	100	-26	859.343872
11	100	-27	859.35379
12	100	-24	859.3639519999999
11	102	-24	859.368865
10	102	-25	859.4342340000001
13	101	-24	859.4393
12	99	-24	859.4544060000001
11	100	-23	859.474487
11	101	-25	859.575012
12	100	-27	859.585235
11	101	-24	859.59027
11	101	-26	859.6101679999999
13	101	-24	859.620239
11	101	-27	859.69577
10	100	-25	859.705871
11	100	-26	859.710784
11	100	-27	859.720977
12	100	-25	859.730895
11	101	-24	859.750976
11	100	-26	859.836456
10	100	-25	859.841491
12	101	-25	859.851715
12	99	-24	859.861633
11	101	-25	859.866729
12	100	-25	859.881774
11	99	-25	859.886962
11	101	-24	859.957244
11	102	-24	859.962219
13	100	-25	859.982482
11	101	-26	860.00241
11	101	-26	860.123077
11	101	-26	860.14328
12	102	-25	860.15332
11	102	-25	860.173309
10	101	-26	860.263916
11	101	-25	860.274169
12	100	-25	860.283996
11	100	-26	860.299102
11	102	-26	860.304077
11	100	-26	860.36441
9	100	-26	860.3746639999999
12	101	-23	860.384521
12	100	-26	860.3946530000001
11	100	-26	860.404785
11	100	-26	860.419769
12	101	-24	860.470336
11	101	-27	860.480133
12	102	-26	860.495208
11	100	-24	860.505371
10	99	-26	860.510437
12	100	-24	860.55075
12	102	-26	860.560577
10	101	-25	860.575653
12	100	-26	860.580657
11	100	-28	860.591125
13	101	-26	860.671417
11	100	-24	860.686248
11	101	-25	860.70642
12	100	-26	860.716491
12	102	-25	860.76184
13	101	-26	860.771759
11	102	-24	860.78186
11	101	-24	860.7868040000001
10	99	-25	860.797058
12	100	-25	860.812042
12	102	-25	860.8522330000001
14	101	-25	860.867248
10	102	-25	860.87741
12	100	-24	860.882385
12	101	-24	860.897674
11	102	-25	860.948028
12	101	-27	860.967895
11	101	-25	860.977905
12	101	-24	860.987976
11	99	-26	860.9980459999999
11	100	-26	861.038391
12	102	-26	861.053375
11	102	-26	861.058532
13	99	-25	861.0633849999999
11	100	-25	861.078491
12	101	-24	861.0885920000001
12	101	-24	861.148956
11	102	-25	861.16394
12	101	-24	861.179016
11	100	-25	861.189575
12	101	-23	861.2394400000001
11	101	-25	861.2546990000001
12	100	-26	861.259521
11	101	-25	861.269866
12	101	-24	861.279663
11	98	-24	861.284851
11	100	-26	861.315032
10	100	-26	861.324829
11	100	-25	861.334991
12	100	-25	861.345001
10	99	-25	861.355163
12	101	-26	861.395446
11	99	-24	861.415679
13	102	-25	861.425506
13	101	-25	861.435607
11	101	-24	861.445617
12	103	-26	861.480926
12	102	-25	861.486022
10	100	-25	861.495849
11	101	-27	861.510955
11	101	-24	861.531219
11	102	-24	861.566284
13	102	-26	861.576293
12	100	-25	861.591461
13	101	-25	861.60144
11	102	-25	861.6166069999999
11	101	-25	861.64685
11	101	-25	861.656829
13	101	-25	861.677154
12	101	-24	861.69696
10	100	-26	861.732177
12	101	-25	861.747375
12	101	-25	861.7574460000001
13	100	-24	861.777587
11	101	-25	861.787506
12	102	-26	861.822662
11	102	-25	861.832794
12	99	-25	861.843048
12	102	-24	861.857879
12	100	-25	861.86798
13	101	-25	861.938537
12	102	-25	861.95343
12	99	-25	862.04898
11	101	-26	862.099548
12	102	-23	862.114318
11	100	-25	862.119628
14	101	-25	862.1796870000001
11	101	-24	862.184661
10	100	-26	862.200195
11	102	-26	862.204895
12	100	-26	862.21997
11	101	-27	862.2656549999999
13	100	-25	862.275238
11	103	-24	862.285339
11	100	-23	862.300537
11	101	-23	862.340606
11	100	-24	862.355682
13	103	-27	862.365905
12	101	-26	862.390838
10	99	-24	862.461456
11	99	-26	862.5065
10	103	-25	862.551788
10	102	-23	862.557006
11	101	-26	862.566925
12	100	-26	862.5769339999999
12	102	-24	862.586914
11	100	-25	862.597076
12	103	-24	862.6473080000001
13	102	-26	862.657562
11	100	-24	862.67749
10	102	-24	862.6826169999999
11	101	-24	862.687713
13	99	-25	862.697601
12	102	-24	862.7026060000001
12	101	-27	862.768035
13	101	-25	862.778015
13	101	-24	862.803375
12	102	-25	862.808258
11	100	-26	862.858581
12	101	-25	862.8886709999999
12	101	-25	862.893737
12	99	-25	862.903808
12	101	-22	862.908752
12	99	-25	862.964294
12	101	-26	862.974243
11	99	-25	862.989288
11	102	-22	863.019439
10	102	-24	863.069702
12	101	-26	863.084991
10	101	-24	863.109924
11	100	-25	863.119903
10	101	-26	863.180511
11	102	-24	863.2004079999999
11	101	-23	863.215515
11	100	-24	863.225677
11	99	-25	863.280883
11	101	-25	863.286102
11	100	-25	863.301116
12	101	-26	863.306182
11	101	-25	863.316101
10	101	-24	863.376434
10	101	-25	863.386566
12	100	-25	863.391754
14	101	-26	863.4167170000001
11	101	-26	863.482086
11	102	-25	863.502502
12	101	-23	863.5072319999999
11	101	-23	863.517242
12	100	-25	863.532409
11	99	-26	863.607849
11	103	-24	863.6227719999999
13	100	-25	863.6379079999999
12	101	-24	863.65805
11	99	-24	863.718383
12	100	-24	863.733703
13	101	-24	863.753509
12	101	-25	863.768707
12	100	-27	863.79898
12	101	-24	863.8139639999999
11	100	-27	863.8339530000001
12	101	-24	863.849212
13	100	-26	863.914428
11	100	-25	863.924591
11	101	-24	863.9298699999999
12	102	-24	863.9396360000001
11	102	-26	863.944641
10	102	-23	864.025238
10	102	-24	864.0351860000001
12	100	-25	864.045318
10	101	-25	864.120788
11	103	-24	864.1407770000001
13	101	-26	864.156005
11	102	-25	864.171112
12	101	-25	864.241424
10	102	-27	864.2565910000001
12	101	-26	864.266479
11	100	-26	864.281555
11	102	-24	864.36203
13	100	-25	864.367034
11	100	-24	864.387298
11	100	-24	864.392242
11	100	-24	864.397155
9	101	-24	864.4072570000001
12	101	-27	864.513061
12	100	-26	864.527893
11	100	-27	864.568267
11	102	-25	864.588317
12	102	-26	864.598358
11	100	-26	864.618774
12	102	-27	864.698974
12	101	-24	864.709197
12	102	-23	864.714019
12	102	-25	864.729095
11	102	-26	864.809692
12	100	-26	864.819641
9	102	-26	864.82965
10	102	-24	864.844818
13	100	-27	864.849792
10	101	-24	864.905334
31	105	-30	864.925292
13	114	-10	864.9358520000001
-13	131	-137	864.94046
23	-9	-102	865.000732
1	27	-8	865.0158690000001
31	181	10	865.020812
17	126	-8	865.025817
-23	101	33	865.1014700000001
-30	137	-75	865.111267
12	56	-72	865.121368
34	101	-10	865.126403
33	136	-34	865.1465450000001
15	85	-15	865.201812
20	93	-28	865.211914
-14	114	-37	865.232086
15	62	-13	865.2520440000001
3	108	18	865.312408
39	90	-25	865.327697
15	116	-24	865.33255
18	86	-26	865.347625
-2	94	-3	865.4181209999999
36	100	-11	865.433044
12	108	-39	865.458526
15	99	-54	865.5237119999999
7	130	17	865.543731
12	68	-63	865.553924
13	10	-48	865.558959
8	130	11	865.568908
30	132	1	865.6193539999999
-2	178	91	865.649322
-74	30	53	865.714691
-16	182	109	865.734802
53	139	-115	865.755096
-121	148	85	865.765075
72	170	123	865.815307
-58	212	97	865.845489
-15	7	-78	865.855377
23	62	-193	865.910797
163	160	79	865.920806
50	62	-261	865.941101
82	139	-115	865.946228
137	152	155	865.950958
98	158	-5	866.00122
-77	86	-89	866.016296
101	130	-66	866.026489
20	-28	-138	866.046691
-151	62	-157	866.096801
-12	155	71	866.1120599999999
154	158	94	866.137054
-85	101	83	866.142395
-33	123	-169	866.182464
-69	133	133	866.192413
-221	117	-179	866.1974789999999
10	116	-105	866.207611
-36	165	75	866.217529
276	143	205	866.237579
229	126	204	866.2878410000001
221	192	38	866.3081970000001
314	162	242	866.3331900000001
273	197	138	866.403778
-9	-16	-181	866.41864
190	174	-86	866.423797
-18	1	-104	866.438903
13	6	-49	866.504425
119	189	-73	866.51419
93	129	-62	866.529235
11	149	-3	866.539367
54	38	-48	866.549346
96	207	19	866.554412
-34	38	-133	866.63507
261	172	53	866.639984
226	212	44	866.659973
6	-67	-98	866.715454
-70	285	-74	866.7253410000001
15	-18	-80	866.735443
-161	-108	-61	866.750549
255	225	67	866.760681
-47	253	-60	866.765747
-43	211	-10	866.805877
112	-82	-8	866.815917
159	-17	62	866.836059
138	280	-4	866.841003
178	31	-7	866.85614
-53	275	-67	866.901397
-5	-71	15	866.931518
83	180	-74	866.936645
-76	274	-122	867.012054
87	-107	-7	867.022277
-184	303	-19	867.032196
44	-55	13	867.057495
-180	336	-214	867.067382
163	-92	19	867.132629
46	129	40	867.14273
-157	69	-157	867.153076
382	37	223	867.162902
-357	254	-202	867.1728820000001
337	-61	149	867.182922
247	2	321	867.233428
-64	121	-343	867.273498
-41	119	-253	867.288726
-2	116	-376	867.338836
181	-37	310	867.3491819999999
-3	83	-334	867.354095
-178	153	-296	867.358947
70	193	-112	867.369079
133	153	333	867.379058
-143	31	-297	867.389312
220	188	262	867.44458
-285	-54	-330	867.4544980000001
-155	16	-80	867.489746
387	297	343	867.539978
-192	298	-489	867.565124
-256	265	-312	867.630615
76	63	-56	867.640625
163	165	232	867.650665
-200	-5	-471	867.675933
212	142	570	867.731048
10	-70	-98	867.736145
379	238	393	867.7461539999999
203	172	-41	867.766204
237	138	331	867.776458
-264	209	-469	867.786468
189	78	357	867.841979
-207	58	-176	867.8518369999999
-147	296	-309	867.866882
-215	21	-219	867.876922
281	51	-94	867.9473869999999
371	-72	-109	867.9573359999999
406	-245	383	867.982604
-11	106	42	867.992675
347	-282	162	867.997711
-354	526	312	868.063049
-415	392	-321	868.068176
-495	804	-138	868.07312
-558	461	-334	868.083129
-449	616	89	868.088134
-73	631	305	868.10321
-204	913	-178	868.153533
-32	479	-165	868.163726
181	286	-22	868.173675
202	314	50	868.193847
329	255	-48	868.198974
439	-18	-130	868.203735
341	-35	-83	868.259094
588	49	-278	868.269134
552	-117	-15	868.274414
571	-283	7	868.289306
338	5	102	868.299285
225	-191	-432	868.3094169999999
-48	-481	-394	868.374755
149	-533	356	868.384796
-86	-320	-415	868.404998
27	-412	-297	868.415069
-173	-142	185	868.425201
-13	190	136	868.500549
-68	193	241	868.515655
-48	246	374	868.53067
-61	5	-165	868.535675
44	176	-147	868.585968
-98	102	15	868.59616
-134	42	6	868.611053
-189	16	56	868.626159
126	155	-36	868.636291
-120	48	103	868.711639
175	62	-72	868.7219230000001
-141	102	65	868.726959
118	-95	20	868.736755
-64	25	-73	868.746826
-5	140	56	868.807189
72	-272	14	868.817382
-107	145	0	868.842407
16	-241	-16	868.847595
-119	189	24	868.857452
42	-283	-28	868.927825
5	24	-50	868.932983
-26	108	57	868.953002
21	173	-35	868.963165
-83	80	154	868.9682
-20	240	107	869.028381
218	-21	-192	869.048706
54	254	-92	869.068634
-42	236	-196	869.083801
-257	137	272	869.144195
57	44	-82	869.1643369999999
148	155	-174	869.179412
-116	338	133	869.2448420000001
140	223	-114	869.249755
-110	343	-57	869.259735
-108	166	-128	869.264801
13	467	-182	869.274932
7	-46	107	869.284942
-70	178	-107	869.375396
228	42	86	869.385528
-57	99	21	869.395507
115	60	-84	869.400665
-266	174	90	869.481048
-135	234	277	869.496032
11	217	44	869.506286
-128	85	377	869.5111380000001
103	312	-110	869.521331
-17	51	-199	869.576507
-38	45	389	869.581604
132	171	-320	869.5915219999999
-66	153	-136	869.6022330000001
37	42	-218	869.6168210000001
-168	296	-541	869.677001
-16	63	-218	869.687194
-160	118	-92	869.70227
146	5	451	869.71228
203	-123	305	869.772644
149	-126	-316	869.802917
-65	397	-292	869.807922
-99	271	-136	869.822998
149	140	-153	869.908416
-36	230	171	869.9288329999999
149	94	64	869.938568
-113	24	-256	869.948547
-198	30	-115	870.004089
-163	199	-378	870.034118
-385	112	-435	870.0491939999999
269	-18	190	870.059265
178	87	-75	870.104553
178	35	282	870.114532
240	5	183	870.129852
-177	377	-154	870.139739
-74	318	-1	870.154998
-102	184	-124	870.210174
139	-251	64	870.2203059999999
-117	281	-137	870.225128
150	-81	-74	870.2507929999999
38	392	-20	870.300598
-16	320	-140	870.315826
-129	229	-134	870.330841
47	77	-30	870.340881
217	60	-58	870.3961790000001
-193	60	109	870.406341
145	-55	115	870.411407
126	31	71	870.426361
-166	125	-50	870.431365
-120	128	-66	870.446685
-6	95	-40	870.496704
82	88	-182	870.511932
-198	130	-118	870.52185
61	-8	116	870.5319509999999
26	244	-93	870.597229
-132	173	-120	870.612609
123	-29	180	870.617431
-16	175	75	870.622406
40	-85	103	870.6324460000001
-84	188	-142	870.637512
70	-25	-54	870.6478569999999
-134	285	-76	870.652709
105	-29	187	870.718048
51	-23	320	870.7332759999999
-76	224	-370	870.768402
-27	160	143	870.818481
116	123	-272	870.909057
201	43	1	870.914031
39	88	-186	870.924072
56	102	-234	870.939147
-69	123	205	870.949188
41	137	-205	870.954193
146	168	426	871.019744
-56	-50	267	871.024902
-22	118	218	871.049835
-74	138	411	871.1251520000001
-42	-70	80	871.160339
-138	238	-330	871.210784
-155	220	82	871.2257079999999
259	-71	559	871.231018
-135	202	-535	871.235809
-187	86	-538	871.251098
98	394	-41	871.255981
200	-24	230	871.261108
-307	87	-470	871.266052
-140	199	-216	871.341369
76	14	-42	871.36203
97	124	-139	871.371704
-72	51	224	871.3816830000001
164	-128	-240	871.3919980000001
84	188	22	871.396667
-29	-18	-650	871.44699
35	173	208	871.467132
56	214	376	871.482208
70	74	407	871.487121
13	21	-526	871.492492
133	96	566	871.542602
162	65	480	871.5578
67	196	-713	871.562683
321	440	295	871.567657
116	299	148	871.582733
272	346	-124	871.592895
107	351	129	871.653381
0	232	-132	871.658233
190	388	15	871.683776
20	595	-107	871.688446
218	406	129	871.693542
-74	410	179	871.743591
-110	508	139	871.758758
20	238	-175	871.778808
9	229	-98	871.784027
108	335	308	871.7989190000001
-22	201	144	871.864349
-135	166	103	871.8795769999999
195	241	-169	871.884582
-167	246	-34	871.894622
-153	290	-217	871.904571
114	-228	-287	871.969848
22	185	-394	871.975128
-24	228	529	871.980102
132	-65	-366	872.00003
-22	189	154	872.005035
16	-97	-248	872.040283
38	206	481	872.050384
73	77	268	872.06546
183	169	51	872.075592
-150	4	-35	872.080566
24	-53	-247	872.08554
-134	110	-95	872.095764
111	-41	-32	872.146026
-85	151	-260	872.150878
226	108	-43	872.16101
233	149	-53	872.1765740000001
-173	268	-84	872.181152
-125	82	-335	872.23648
170	141	538	872.241638
-28	281	-322	872.2514639999999
157	-170	-628	872.261535
181	83	383	872.271667
82	-338	-643	872.2766409999999
141	-214	-171	872.316864
248	203	-460	872.321868
88	-323	-527	872.331878
-69	190	-255	872.35202
84	153	236	872.367309
24	-33	391	872.3722829999999
2	-11	-69	872.41751
119	39	-1	872.432495
-85	172	126	872.442474
-77	87	35	872.447601
11	300	-73	872.4577019999999
21	59	-315	872.467956
8	257	-451	872.512969
45	291	315	872.5179439999999
78	101	324	872.533203
71	-81	-167	872.5530699999999
5	440	-274	872.558166
126	76	718	872.5632929999999
99	271	-757	872.5985410000001
92	-3	351	872.623565
-109	144	-436	872.628601
28	210	-347	872.643615
0	55	-390	872.653625
-38	63	344	872.7240899999999
13	-121	-386	872.729278
-36	31	-276	872.734069
-69	-1	-67	872.749206
-44	-47	-277	872.759429
-33	15	69	872.764282
90	59	-248	872.80957
-10	-261	-79	872.820068
126	-87	-197	872.834777
-10	-164	-368	872.8498529999999
128	125	-207	872.854827
40	-266	-356	872.865081
-12	305	239	872.905303
-16	-30	-4	872.915191
112	60	-129	872.9454949999999
45	-61	-214	872.955535
67	-57	460	873.005645
112	-47	500	873.021026
-99	247	-350	873.030853
43	10	587	873.035797
-153	5	-81	873.040863
122	-17	580	873.0509030000001
-115	385	-627	873.0611260000001
-5	116	573	873.1263730000001
-61	195	-458	873.136383
-85	99	-265	873.1516409999999
91	84	-107	873.16156
-69	90	416	873.17163
-50	256	432	873.231903
174	-17	-7	873.236938
103	194	-497	873.242004
160	133	-524	873.257171
-48	314	312	873.27716
24	147	-290	873.287292
-88	129	81	873.352661
21	51	-245	873.357666
-24	58	-18	873.367706
-143	-28	-86	873.383209
83	104	-216	873.387847
-145	67	-535	873.428039
124	-29	516	873.438079
-49	108	-423	873.443206
3	217	-228	873.448272
-35	285	-97	873.463562
-44	-37	734	873.483459
60	158	684	873.5441579999999
-199	291	-280	873.5538329999999
116	60	-636	873.564086
-44	89	563	873.573944
119	-153	-293	873.639495
-122	98	277	873.649291
-74	98	-243	873.669433
-106	13	-55	873.679443
-148	174	-270	873.6845089999999
122	-48	210	873.689483
-18	100	162	873.744964
91	256	-157	873.754852
177	192	171	873.759948
-47	112	-175	873.77008
4	248	-453	873.785156
48	169	452	873.790191
64	165	-525	873.830352
143	420	77	873.8503410000001
-112	-34	382	873.855468
65	375	-147	873.8655699999999
23	64	250	873.870727
-84	-48	156	873.885681
100	45	-116	873.936065
145	105	-25	873.951049
218	39	107	873.955993
243	213	66	873.966217
138	172	76	873.981201
65	-201	365	874.031646
201	-20	82	874.04663
-195	97	-471	874.051513
7	-72	313	874.056579
-82	148	-504	874.066894
63	20	111	874.071807
17	132	38	874.086761
25	-165	-188	874.1322319999999
67	-22	3	874.14212
-59	-211	251	874.157104
6	-51	255	874.172241
-47	-502	-208	874.177368
93	205	-72	874.182281
-7	-267	-67	874.237609
114	220	-54	874.24768
-80	-8	-276	874.262939
103	11	252	874.272888
2300	855	432	874.333099
1448	-2125	299	874.338165
-1358	-1133	137	874.353363
-379	627	-880	874.358337
987	-881	618	874.368255
-778	658	159	874.378326
203	1110	-134	874.38858
169	217	64	874.448791
27	270	12	874.458923
-51	484	-64	874.468963
119	-105	-23	874.483886
-28	-79	10	874.493957
18	63	9	874.544189
2	89	-49	874.554504
-2	105	-34	874.569427
8	101	-45	874.579376
0	101	-10	874.589752
-15	130	-30	874.64981
17	119	-28	874.659851
-7	106	-22	874.664947
21	103	-23	874.674957
21	87	-14	874.68515
10	102	-48	874.705078
-6	92	-33	874.760528
-3	78	21	874.765502
16	102	4	874.780853
25	120	-44	874.785552
48	88	34	874.800659
5	154	-44	874.840911
-14	69	16	874.8460689999999
29	102	-6	874.871276
-14	130	-36	874.876159
18	99	-43	874.886077
12	99	-7	874.946594
7	113	-37	874.961578
20	89	-27	874.966491
11	101	-25	874.981628
0	97	-33	874.996765
9	85	-9	875.016937
14	89	-40	875.026916
4	109	-14	875.037109
14	102	-31	875.046966
13	93	-22	875.057098
11	99	-27	875.067413
13	100	-27	875.1375419999999
10	101	-23	875.147674
10	100	-24	875.152832
12	101	-24	875.162628
12	99	-23	875.1728820000001
12	101	-23	875.18283
11	98	-24	875.1929319999999
12	102	-25	875.238281
11	100	-23	875.2482600000001
12	101	-23	875.2531730000001
11	100	-25	875.258178
13	100	-24	875.268371
12	101	-25	875.283447
12	99	-24	875.288391
13	100	-25	875.338806
14	99	-26	875.3437799999999
10	101	-25	875.353881
13	100	-24	875.363861
11	100	-25	875.37387
11	99	-24	875.383911
12	103	-25	875.43927
12	98	-25	875.4492789999999
12	99	-24	875.454345
12	100	-25	875.474609
12	100	-23	875.479553
11	99	-26	875.489501
11	99	-24	875.504669
11	100	-24	875.514831
12	99	-24	875.519714
11	99	-25	875.534973
11	99	-25	875.549865
11	100	-24	875.555145
12	100	-25	875.655578
12	99	-25	875.670532
12	99	-24	875.67575
10	101	-23	875.680755
12	101	-25	875.6906730000001
9	100	-23	875.700744
11	101	-25	875.746002
13	100	-27	875.751068
12	98	-26	875.761413
12	100	-25	875.776123
12	101	-24	875.781158
14	102	-24	875.791381
11	101	-25	875.801391
13	101	-26	875.851531
10	100	-24	875.856781
12	101	-23	875.86676
11	98	-24	875.881866
11	99	-25	875.8919060000001
10	100	-25	875.8968199999999
12	100	-25	875.901885
10	100	-24	875.95227
11	102	-24	875.962341
12	100	-25	875.97232
12	99	-25	875.982238
10	98	-25	875.992492
12	100	-24	876.00238
12	99	-25	876.062866
12	97	-24	876.067779
10	100	-25	876.072845
12	100	-24	876.09793
12	100	-27	876.108062
11	101	-24	876.16333
13	100	-24	876.168365
13	101	-25	876.19345
12	97	-25	876.198608
12	101	-26	876.2539360000001
12	100	-23	876.263946
13	99	-25	876.273925
12	101	-24	876.289123
12	102	-24	876.294006
12	100	-25	876.304138
12	100	-25	876.3595270000001
13	99	-24	876.369506
12	101	-24	876.379669
10	101	-24	876.389648
11	99	-25	876.394622
11	100	-25	876.399841
11	100	-26	876.404663
11	99	-26	876.465057
12	98	-25	876.485137
11	98	-23	876.5002440000001
11	100	-25	876.505157
11	100	-26	876.510406
10	101	-25	876.565582
12	99	-25	876.575744
13	99	-26	876.585662
12	99	-25	876.600891
12	99	-26	876.611083
11	99	-24	876.666168
11	99	-24	876.676361
12	101	-25	876.6864009999999
13	103	-24	876.6963499999999
11	100	-24	876.706634
11	99	-26	876.716583
11	101	-23	876.7767630000001
12	98	-24	876.78186
10	99	-24	876.7868040000001
12	102	-24	876.817047
11	100	-24	876.822082
11	100	-25	876.882629
11	99	-24	876.892395
13	100	-24	876.902709
10	98	-25	876.922698
11	100	-24	876.9328909999999
12	102	-26	876.937683
11	100	-24	876.993041
11	99	-23	876.998443
12	101	-25	877.018157
13	101	-24	877.038269
10	101	-25	877.0484
10	100	-25	877.098754
12	100	-25	877.113739
12	99	-24	877.118682
10	101	-24	877.12387
11	100	-25	877.133758
12	100	-24	877.143951
11	100	-24	877.194396
11	101	-25	877.199066
12	100	-24	877.2044060000001
11	98	-26	877.219299
12	100	-26	877.2294919999999
11	100	-26	877.239532
12	100	-23	877.314788
12	101	-24	877.329956
12	101	-26	877.340087
11	100	-26	877.3450310000001
11	99	-25	877.3652950000001
11	101	-26	877.420562
11	100	-25	877.425628
10	98	-25	877.430511
11	100	-26	877.450683
12	100	-26	877.4558099999999
12	99	-26	877.4605710000001
11	100	-25	877.465728
13	99	-27	877.470703
10	101	-23	877.521148
10	100	-25	877.531219
12	102	-25	877.5412289999999
11	100	-25	877.5462640000001
13	100	-24	877.551422
11	102	-26	877.561248
11	100	-23	877.626678
11	100	-24	877.631652
11	102	-24	877.636627
11	100	-24	877.646911
11	101	-25	877.6519470000001
13	101	-25	877.661865
12	100	-24	877.717285
11	101	-24	877.727386
11	101	-25	877.74234
10	101	-26	877.747467
10	102	-24	877.752441
13	100	-24	877.7677
12	101	-25	877.8178399999999
11	103	-25	877.837921
11	99	-26	877.842834
12	100	-26	877.852966
12	101	-26	877.868011
12	100	-25	877.918304
12	100	-24	877.92337
13	101	-25	877.928436
11	100	-24	877.938354
10	100	-25	877.948608
12	100	-25	877.953521
12	99	-25	877.963531
13	99	-24	878.009429
10	99	-24	878.0139770000001
13	100	-24	878.01892
10	99	-25	878.0289
11	99	-25	878.049163
12	101	-26	878.12445
13	101	-25	878.134521
13	100	-26	878.1445610000001
10	100	-24	878.159637
12	101	-23	878.164672
9	102	-24	878.174896
12	102	-24	878.225097
10	101	-25	878.23001
10	100	-25	878.245208
13	100	-26	878.250274
12	100	-24	878.260253
12	101	-24	878.265167
11	99	-23	878.270385
12	100	-24	878.320556
11	101	-24	878.330688
11	101	-26	878.340637
12	102	-25	878.350891
14	99	-24	878.3607480000001
11	100	-24	878.411163
12	99	-25	878.416107
13	100	-25	878.4260859999999
10	100	-26	878.446228
12	100	-24	878.456359
12	101	-26	878.506561
12	102	-24	878.526672
10	100	-24	878.5320429999999
12	101	-23	878.55191
11	98	-25	878.556823
10	99	-24	878.61734
12	98	-25	878.627532
11	101	-24	878.632537
13	98	-25	878.6373590000001
14	100	-24	878.642425
13	99	-24	878.662628
12	100	-24	878.712768
12	102	-24	878.723175
12	99	-26	878.733093
13	99	-24	878.7429500000001
12	100	-25	878.768066
13	101	-25	878.813476
12	100	-25	878.8183280000001
10	101	-24	878.828552
12	99	-25	878.8385000000001
