2.0118861198425293	-3.859600702745629e-34	-8.419565597090324e-27	856.5177610000001
2.0118861198425293	-3.859600702745629e-34	-8.419565597090324e-27	856.522705
9.919357357662437e-32	2.9053229922780977e+25	5.924743117988185e-13	856.5327139999999
2.011892795562744	-1026.057861328125	3.9760267100064084e-05	856.5427549999999
2.0118894577026367	2.3557133195468926e-38	1.9688328844900367e+23	856.562866
2.01189923286438	16810676.0	-1.8776262142276403e+17	856.568023
2.01189923286438	16810676.0	-1.8776262142276403e+17	856.573028
2.0118894577026367	2.355641573065519e-38	1.9688328844900367e+23	856.5829160000001
-1.0446302552147953e+34	1.0928534119325484e-11	5.924744202190357e-13	856.588043
-1.0446302552147953e+34	1.0928534119325484e-11	5.924744202190357e-13	856.593261
2.0118894577026367	-275421921280.0	1.9688343256419175e+23	856.598052
2.0118894577026367	-275421921280.0	1.9688343256419175e+23	856.603149
-3.874773763420852e-34	1.0928581824221073e-11	1.3212621081951876e+31	856.608306
-3.874773763420852e-34	1.0928581824221073e-11	1.3212621081951876e+31	856.613159
2.0118894577026367	16810676.0	1.9688337852099622e+23	856.618316
-4.684295173973396e-10	6.323528413977289e-30	1.9688341454979324e+23	856.638519
-4.684295173973396e-10	6.323528413977289e-30	1.9688341454979324e+23	856.6433099999999
-4.684287402412224e-10	-3.859575447984185e-34	-8.419565597090324e-27	856.653472
2.0118894577026367	-1026.057861328125	1.9688330646340218e+23	856.658599
2.0118894577026367	-1026.057861328125	1.9688330646340218e+23	856.663452
-1.0446335976529014e+34	1.0928534119325484e-11	-2797881344.0	856.673492
2.0118894577026367	16810676.0	1.9688337852099622e+23	856.678497
-4.684287402412224e-10	-3.859575447984185e-34	-8.419565597090324e-27	856.693572
-4.684280185962564e-10	-3.859575447984185e-34	-41.69166946411133	856.703735
2.432215311794403e+24	-6.670219288202901e-16	-1.1918988462866764e-08	856.7086790000001
2.432215311794403e+24	-6.670219288202901e-16	-1.1918988462866764e-08	856.713653
-3.8747489678368894e-34	-6.670276992322432e-16	5.924742033786012e-13	856.718811
-3.87475493714414e-34	-6.670276992322432e-16	-1.385443229302637e+37	856.7292170000001
2.432217329407036e+24	16811024.0	-41.69167709350586	856.738922
2.432217329407036e+24	16811024.0	-41.69167709350586	856.743896
-1.0446318645368464e+34	-1.7905310301102872e-07	-1.385444116658057e+37	856.749053
-1.0446318645368464e+34	-1.7905310301102872e-07	-1.385444116658057e+37	856.754119
-4.684295173973396e-10	16811078.0	1.9688337852099622e+23	856.759002
-4.684310161984229e-10	16810822.0	8.029524934610633e-33	856.8796990000001
-4.684306831315155e-10	1.0928399678256095e-11	-5.650276376905782e-19	856.889892
-3.874742539352158e-34	1.0928581824221073e-11	-1.1918992015580443e-08	856.89978
2.432221076401926e+24	-3.859621824909745e-34	-8.419565597090324e-27	856.914855
2.011883020401001	16810676.0	-41.69167709350586	856.920074
2.011883020401001	16810676.0	-41.69167709350586	856.924896
-4.684295173973396e-10	2.355697905263785e-38	1.9688328844900367e+23	856.930175
2.0118894577026367	-1026.057861328125	1.9688330646340218e+23	857.070892
2.0118894577026367	-1026.057861328125	1.9688330646340218e+23	857.075805
-4.684287402412224e-10	16810822.0	-8.41956713783428e-27	857.080993
-4.684324594883549e-10	-275428507648.0	-3.791836983291219e-11	857.0910329999999
-1.0446335976529014e+34	2.9053027008596167e+25	-2797880832.0	857.100952
-1.0446335976529014e+34	2.9053027008596167e+25	-2797880832.0	857.105957
-4.68429128819281e-10	1.0928399678256095e-11	-1.385443736362877e+37	857.111022
2.0118894577026367	2.355677446306206e-38	1.9688328844900367e+23	857.121124
2.0118894577026367	2.355677446306206e-38	1.9688328844900367e+23	857.126129
2.0118861198425293	-1026.057861328125	-8.419564056346369e-27	857.2970270000001
-4.68428407174315e-10	-1.7905090032854787e-07	5.924745828493616e-13	857.302154
2.432231164465091e+24	-1.790523356248741e-07	-5.650277927869431e-19	857.322204
-4.684306831315155e-10	-1.773234228694442e+21	-5.650273274978485e-19	857.33731
-4.684302945534569e-10	16810822.0	3.976028165197931e-05	857.347351
-4.684287402412224e-10	16810822.0	-8.41956713783428e-27	857.528442
2.432219347019669e+24	1.0928487281791632e-11	5.924744202190357e-13	857.533508
2.432219347019669e+24	1.0928487281791632e-11	5.924744202190357e-13	857.538665
-4.684287402412224e-10	16810822.0	-8.41956713783428e-27	857.543518
-4.684287402412224e-10	16810822.0	-8.41956713783428e-27	857.548492
-3.87475493714414e-34	2.9053153829961673e+25	-1.385443482832757e+37	857.553649
-3.87475493714414e-34	2.9053153829961673e+25	-1.385443482832757e+37	857.558563
-1.0446318645368464e+34	1.0928534119325484e-11	-1.385443736362877e+37	857.563568
-1.0446318645368464e+34	1.0928534119325484e-11	-1.385443736362877e+37	857.568756
-4.684310161984229e-10	-3.859575447984185e-34	8.029523465242695e-33	857.573913
-1.0446318645368464e+34	2.9053027008596167e+25	-1.385443482832757e+37	857.75473
-1.0446318645368464e+34	2.9053027008596167e+25	-1.385443482832757e+37	857.759643
9.919357357662437e-32	1.0928610447158427e-11	5.924744202190357e-13	857.779815
2.432219347019669e+24	-6.670219288202901e-16	5.924742033786012e-13	857.789855
-1.0446335976529014e+34	-6.67024787556487e-16	-2797880320.0	857.8000480000001
-4.684280185962564e-10	-3.859575447984185e-34	-41.69166946411133	857.804992
-4.684280185962564e-10	16811078.0	-41.69167709350586	858.001098
-1.0446285220987403e+34	1.0928534119325484e-11	-1.1918992015580443e-08	858.03125
-3.8747489678368894e-34	2.9053153829961673e+25	5.924743117988185e-13	858.0363150000001
-3.8747489678368894e-34	2.9053153829961673e+25	5.924743117988185e-13	858.041259
-1.0446353307689564e+34	2.9053027008596167e+25	-5.650275342930016e-19	858.05133
-4.684295173973396e-10	-275432701952.0	1.9688343256419175e+23	858.151885
-3.8747489678368894e-34	2.9053153829961673e+25	5.924743117988185e-13	858.161956
2.0118894577026367	16810420.0	1.9688337852099622e+23	858.167022
-1.0446353307689564e+34	-1.7905310301102872e-07	-5.650277927869431e-19	858.177246
-1.0446353307689564e+34	-1.7905310301102872e-07	-5.650277927869431e-19	858.182067
2.432223094014559e+24	-1.790523356248741e-07	-1.385444116658057e+37	858.19226
2.0118894577026367	16810932.0	1.9688337852099622e+23	858.202239
-1.0446353307689564e+34	-1.773256043005137e+21	-5.650273274978485e-19	858.383239
-4.684276300181978e-10	-6.670165819248105e-16	-1.1918988462866764e-08	858.388488
-4.684287402412224e-10	-3.859575447984185e-34	-8.419565597090324e-27	858.408355
-4.684287402412224e-10	-3.859575447984185e-34	-8.419565597090324e-27	858.413391
-3.874742539352158e-34	-4.7600687235009206e+29	-1.1918992903758863e-08	858.423522
-1.0446353307689564e+34	1.0928534119325484e-11	-5.650276376905782e-19	858.433563
2.432219347019669e+24	-6.670219288202901e-16	5.924742033786012e-13	858.5039360000001
2.432221076401926e+24	16811024.0	-8.41956713783428e-27	858.508911
2.432221076401926e+24	16811024.0	-8.41956713783428e-27	858.5139770000001
-1.0446335976529014e+34	-4.760047945088396e+29	-2797881600.0	858.524047
2.432223094014559e+24	-4.76002754446519e+29	-1.385443863127937e+37	858.529113
2.0118861198425293	-1026.042236328125	-8.419564056346369e-27	858.549896
2.432221076401926e+24	-3.859621824909745e-34	-8.419565597090324e-27	858.6448359999999
2.0118861198425293	6.323569791378438e-30	-8.419568678578235e-27	858.654754
2.432227129239825e+24	-6.670219288202901e-16	-2797880320.0	858.664886
2.432229146852458e+24	6.323604397932126e-30	3.9760288927936926e-05	858.674957
-4.684287402412224e-10	-275428507648.0	-8.419569448950213e-27	858.680694
-4.684276300181978e-10	2.905266960292974e+25	-1.1918990239223604e-08	858.690063
-4.684276300181978e-10	2.905266960292974e+25	-1.1918990239223604e-08	858.695037
-4.684302945534569e-10	2.355697905263785e-38	3.976026346208528e-05	858.775573
2.011892795562744	16810932.0	3.976028165197931e-05	858.7807310000001
-4.684295173973396e-10	6.323528413977289e-30	1.9688341454979324e+23	858.805664
2.432229146852458e+24	16811024.0	3.976028165197931e-05	858.815643
2.0118894577026367	6.323473494881219e-30	1.9688341454979324e+23	858.825775
2.011892795562744	-3.859541928028088e-34	3.97602743760217e-05	858.916351
-1.0446318645368464e+34	2.9053027008596167e+25	-1.385443482832757e+37	858.921295
2.432223094014559e+24	2.905290249307367e+25	-1.385443482832757e+37	858.931304
2.432223094014559e+24	2.905290249307367e+25	-1.385443482832757e+37	858.936553
-1.0446302552147953e+34	4.071196213113324e-20	5.924740407482754e-13	858.951507
-1.0446302552147953e+34	4.071196213113324e-20	5.924740407482754e-13	858.956451
-1.0446353307689564e+34	2.9053027008596167e+25	-5.650275342930016e-19	859.046997
-4.68428407174315e-10	2.905266960292974e+25	5.924743117988185e-13	859.052032
2.0118894577026367	-1026.057861328125	1.9688330646340218e+23	859.0621639999999
2.0118894577026367	-1026.057861328125	1.9688330646340218e+23	859.067413
2.432215311794403e+24	1.0928487281791632e-11	-1.1918992015580443e-08	859.072296
2.432215311794403e+24	1.0928487281791632e-11	-1.1918992015580443e-08	859.077392
2.0118894577026367	-3.859541928028088e-34	1.968833424921992e+23	859.092498
2.0118894577026367	-3.859541928028088e-34	1.968833424921992e+23	859.097259
2.011892795562744	16810676.0	3.976028165197931e-05	859.102783
-1.0446353307689564e+34	-1.773256043005137e+21	-5.650273274978485e-19	859.1928399999999
-1.0446353307689564e+34	1.0928534119325484e-11	-5.650276376905782e-19	859.2130119999999
2.0118861198425293	6.323473494881219e-30	-8.419568678578235e-27	859.228057
9.919372639088998e-32	-6.670294462376969e-16	-1.385443229302637e+37	859.2481379999999
2.0118861198425293	6.323569791378438e-30	-8.419568678578235e-27	859.333618
2.0118861198425293	6.323473494881219e-30	-8.419568678578235e-27	859.343872
-4.684272414401391e-10	6.323528413977289e-30	-5.901999417408566e+19	859.35379
2.432229146852458e+24	-1026.0634765625	3.9760267100064084e-05	859.3639519999999
2.432229146852458e+24	-1026.0634765625	3.9760267100064084e-05	859.368865
2.432227129239825e+24	-4.76002754446519e+29	-2797881600.0	859.4342340000001
2.432227129239825e+24	-4.76002754446519e+29	-2797881600.0	859.4393
9.91938909600991e-32	-1.7732684279041124e+21	-2797879808.0	859.4544060000001
2.0118894577026367	16810932.0	1.9688337852099622e+23	859.474487
-1.0446335976529014e+34	2.9053027008596167e+25	-2797880832.0	859.575012
2.432219347019669e+24	1.0928487281791632e-11	5.924744202190357e-13	859.585235
2.432219347019669e+24	1.0928487281791632e-11	5.924744202190357e-13	859.59027
2.011883020401001	-1026.026611328125	-41.6916618347168	859.6101679999999
-4.68429128819281e-10	2.905266960292974e+25	-1.385443482832757e+37	859.620239
-4.684272414401391e-10	16810822.0	-5.901998537799264e+19	859.69577
-4.684302945534569e-10	-275428507648.0	3.9760292565915734e-05	859.705871
-4.684302945534569e-10	-275428507648.0	3.9760292565915734e-05	859.710784
2.0118894577026367	-275430309888.0	1.9688343256419175e+23	859.720977
2.432217329407036e+24	16811024.0	-41.69167709350586	859.730895
2.432227129239825e+24	-6.670219288202901e-16	-2797880320.0	859.750976
-4.68429128819281e-10	-6.670165819248105e-16	-1.385443229302637e+37	859.836456
-4.68429128819281e-10	-6.670165819248105e-16	-1.385443229302637e+37	859.841491
-1.0446318645368464e+34	-6.67024787556487e-16	-1.385443229302637e+37	859.851715
2.0118861198425293	-3.859541928028088e-34	-8.419565597090324e-27	859.861633
-1.0446318645368464e+34	1.0928534119325484e-11	-1.385443736362877e+37	859.866729
2.011883020401001	16810932.0	-41.69167709350586	859.881774
-1.0446302552147953e+34	-6.67024787556487e-16	5.924742033786012e-13	859.886962
2.0118894577026367	-3.859541928028088e-34	1.968833424921992e+23	859.957244
2.0118894577026367	-3.859541928028088e-34	1.968833424921992e+23	859.962219
-3.8747489678368894e-34	1.0928581824221073e-11	5.924744202190357e-13	859.982482
-1.0446318645368464e+34	-6.67024787556487e-16	-1.385443229302637e+37	860.00241
2.0118861198425293	-3.8594831533105466e-34	-8.419565597090324e-27	860.123077
2.0118846893310547	2.9052206128484887e+25	5.924743117988185e-13	860.14328
2.011892795562744	2.355677446306206e-38	3.976026346208528e-05	860.15332
-3.874761365628871e-34	-1.7732637835669967e+21	-2797879808.0	860.173309
2.0118861198425293	-1026.057861328125	-8.419564056346369e-27	860.263916
2.432219347019669e+24	4.071178764772278e-20	5.924740407482754e-13	860.274169
2.0118861198425293	6.323473494881219e-30	-8.419568678578235e-27	860.283996
2.0118894577026367	6.323473494881219e-30	1.9688341454979324e+23	860.299102
2.0118894577026367	6.323473494881219e-30	1.9688341454979324e+23	860.304077
2.011892795562744	-1026.057861328125	3.9760267100064084e-05	860.36441
2.011883020401001	-3.859600702745629e-34	-41.69166946411133	860.3746639999999
2.432217329407036e+24	-3.859621824909745e-34	-41.69166946411133	860.384521
-3.874736110867427e-34	-6.670276992322432e-16	2.5239439814980095e-30	860.3946530000001
2.0118861198425293	-1026.042236328125	-8.419564056346369e-27	860.404785
2.0118861198425293	6.323569791378438e-30	-8.419568678578235e-27	860.419769
-4.684295173973396e-10	6.323624710474509e-30	1.9688341454979324e+23	860.470336
2.432231164465091e+24	1.0928487281791632e-11	-5.650276376905782e-19	860.480133
9.91938909600991e-32	-1.7732684279041124e+21	-2797879808.0	860.495208
-4.684306831315155e-10	-6.670165819248105e-16	-5.650274308954251e-19	860.505371
2.432231164465091e+24	2.905290249307367e+25	-5.650275342930016e-19	860.510437
2.432232893847348e+24	-1026.0634765625	8.029521995874756e-33	860.55075
2.0118861198425293	2.355677446306206e-38	-8.419563285974391e-27	860.560577
2.0118861198425293	-275426115584.0	-8.419569448950213e-27	860.575653
-4.684287402412224e-10	-3.859575447984185e-34	-8.419565597090324e-27	860.580657
2.0118861198425293	-3.859600702745629e-34	-8.419565597090324e-27	860.591125
2.0118894577026367	-3.859541928028088e-34	1.968833424921992e+23	860.671417
-1.0446318645368464e+34	2.9053027008596167e+25	-1.385443482832757e+37	860.686248
-3.87475493714414e-34	-1.7732637835669967e+21	-1.385442975772517e+37	860.70642
2.432219347019669e+24	-1.790523356248741e-07	5.924745828493616e-13	860.716491
2.432234911459981e+24	-1.773248443180766e+21	1.3212613828396958e+31	860.76184
-4.684287402412224e-10	-3.859575447984185e-34	-8.419565597090324e-27	860.771759
-1.0446353307689564e+34	-1.7905310301102872e-07	-5.650277927869431e-19	860.78186
-1.0446353307689564e+34	-1.7905310301102872e-07	-5.650277927869431e-19	860.7868040000001
-3.874773763420852e-34	1.0928581824221073e-11	1.3212621081951876e+31	860.797058
-1.0446353307689564e+34	1.0928534119325484e-11	-5.650276376905782e-19	860.812042
-4.684265197951731e-10	-3.859575447984185e-34	0.012497966177761555	860.8522330000001
2.0118861198425293	16810676.0	-8.41956713783428e-27	860.867248
2.0118894577026367	-275421921280.0	1.9688343256419175e+23	860.87741
-3.87475493714414e-34	1.0928581824221073e-11	-1.385443736362877e+37	860.882385
2.0118861198425293	2.355641573065519e-38	-8.419563285974391e-27	860.897674
-3.874761365628871e-34	-6.670276992322432e-16	-2797880320.0	860.948028
-3.874761365628871e-34	1.0928581824221073e-11	-2797881344.0	860.967895
2.011892795562744	-275426115584.0	3.9760292565915734e-05	860.977905
9.919372639088998e-32	4.071224647446881e-20	-1.3854428490074569e+37	860.987976
2.432223094014559e+24	2.905290249307367e+25	-1.385443482832757e+37	860.9980459999999
-1.0446318645368464e+34	1.0928534119325484e-11	-1.385443736362877e+37	861.038391
2.0118911266326904	1.092822533854676e-11	-2797881344.0	861.053375
2.0118911266326904	1.092822533854676e-11	-2797881344.0	861.058532
2.0118796825408936	6.323473494881219e-30	-5.901999417408566e+19	861.0633849999999
-4.684268528620805e-10	-6.670165819248105e-16	2.5239439814980095e-30	861.078491
2.432223094014559e+24	2.905290249307367e+25	-1.385443482832757e+37	861.0885920000001
-4.684295173973396e-10	16810822.0	1.9688337852099622e+23	861.148956
2.0118894577026367	16810932.0	1.9688337852099622e+23	861.16394
2.0118861198425293	-1026.042236328125	-8.419564056346369e-27	861.179016
-1.0446285220987403e+34	2.9053027008596167e+25	-1.1918990239223604e-08	861.189575
2.432227129239825e+24	7.798829128851767e+33	-2797882624.0	861.2394400000001
2.0118894577026367	16810932.0	1.9688337852099622e+23	861.2546990000001
2.0118894577026367	16810932.0	1.9688337852099622e+23	861.259521
-1.0446302552147953e+34	-6.67024787556487e-16	5.924742033786012e-13	861.269866
-4.684317933545401e-10	-1026.0511474609375	-1.877625527032873e+17	861.279663
2.432225111627192e+24	-275431817216.0	1.9688343256419175e+23	861.284851
-4.684295173973396e-10	-3.859575447984185e-34	1.968833424921992e+23	861.315032
2.0118861198425293	-3.859541928028088e-34	-8.419565597090324e-27	861.324829
2.0118861198425293	2.355677446306206e-38	-8.419563285974391e-27	861.334991
2.432234911459981e+24	-6.670219288202901e-16	1.3212616246248597e+31	861.345001
2.0118861198425293	16810932.0	-8.41956713783428e-27	861.355163
2.0118861198425293	-3.859541928028088e-34	-8.419565597090324e-27	861.395446
2.0118911266326904	2.9052206128484887e+25	-2797880832.0	861.415679
2.011883020401001	-1.036037897401339e-25	-41.69169616699219	861.425506
-4.68429128819281e-10	1.0928399678256095e-11	-1.385443736362877e+37	861.435607
2.0118894577026367	16810676.0	1.9688337852099622e+23	861.445617
-4.684280185962564e-10	2.355697905263785e-38	-41.69165802001953	861.480926
2.432225111627192e+24	16811024.0	1.9688337852099622e+23	861.486022
-4.684287402412224e-10	6.323528413977289e-30	-8.419568678578235e-27	861.495849
2.011887788772583	-4.759913452090964e+29	-1.385443863127937e+37	861.510955
2.432217329407036e+24	-3.859621824909745e-34	-41.69166946411133	861.531219
2.0118796825408936	16810676.0	-5.901998537799264e+19	861.566284
-1.0446335976529014e+34	1.0928534119325484e-11	-2797881344.0	861.576293
2.0118894577026367	16810932.0	1.9688337852099622e+23	861.591461
-4.684268528620805e-10	2.905266960292974e+25	2.5239443576562018e-30	861.60144
2.432232893847348e+24	-1026.0634765625	8.029521995874756e-33	861.6166069999999
-4.684295173973396e-10	16810822.0	1.9688337852099622e+23	861.64685
2.011883020401001	-3.859600702745629e-34	-41.69166946411133	861.656829
2.432229146852458e+24	6.323604397932126e-30	3.9760288927936926e-05	861.677154
9.91940555293082e-32	-6.670294462376969e-16	-5.650274308954251e-19	861.69696
-4.684287402412224e-10	-275428507648.0	-8.419569448950213e-27	861.732177
-3.8747489678368894e-34	-4.7600687235009206e+29	5.924744744291444e-13	861.747375
2.0118861198425293	16810932.0	-8.41956713783428e-27	861.7574460000001
-1.0446353307689564e+34	2.9053027008596167e+25	-5.650275342930016e-19	861.777587
2.0118894577026367	-1026.026611328125	1.9688330646340218e+23	861.787506
2.0118796825408936	6.323569791378438e-30	-5.901999417408566e+19	861.822662
-4.684302945534569e-10	16811078.0	3.976028165197931e-05	861.832794
2.0118861198425293	6.323377198384e-30	-8.419568678578235e-27	861.843048
2.0118796825408936	-3.859541928028088e-34	-5.901997658189962e+19	861.857879
2.432215311794403e+24	-1.773248443180766e+21	-1.1918986686509925e-08	861.86798
2.011892795562744	6.323473494881219e-30	3.9760288927936926e-05	861.938537
-4.684299059753982e-10	-6.670165819248105e-16	-2797880320.0	861.95343
-4.684287402412224e-10	-3.859575447984185e-34	-8.419565597090324e-27	862.04898
2.0118894577026367	-3.859600702745629e-34	1.968833424921992e+23	862.099548
2.011892795562744	6.323473494881219e-30	3.9760288927936926e-05	862.114318
-4.68429128819281e-10	2.905266960292974e+25	-1.385443482832757e+37	862.119628
-1.0446302552147953e+34	1.0928534119325484e-11	5.924744202190357e-13	862.1796870000001
-1.0446302552147953e+34	1.0928534119325484e-11	5.924744202190357e-13	862.184661
-3.8747489678368894e-34	-1.7905388460803806e-07	5.924745828493616e-13	862.200195
-3.8747489678368894e-34	-1.7905388460803806e-07	5.924745828493616e-13	862.204895
6.986033364044943e-41	6.310887241768095e-30	-8.419568678578235e-27	862.21997
-4.684280185962564e-10	-3.859575447984185e-34	-41.69166946411133	862.2656549999999
-4.68428407174315e-10	1.0928399678256095e-11	5.924744202190357e-13	862.275238
2.432223094014559e+24	-6.670219288202901e-16	-1.385443229302637e+37	862.285339
-4.684280185962564e-10	-1026.0667724609375	-41.6916618347168	862.300537
-4.684295173973396e-10	-1026.0511474609375	1.9688330646340218e+23	862.340606
2.0118958950042725	-3.859541928028088e-34	8.029523465242695e-33	862.355682
2.0118861198425293	16810676.0	-8.41956713783428e-27	862.365905
2.432225111627192e+24	-3.859621824909745e-34	1.968833424921992e+23	862.390838
2.0118861198425293	16810676.0	-8.41956713783428e-27	862.461456
2.0118958950042725	16810420.0	8.029524934610633e-33	862.5065
2.011892795562744	16810420.0	3.976028165197931e-05	862.551788
2.011892795562744	16810420.0	3.976028165197931e-05	862.557006
-1.0446353307689564e+34	1.0928534119325484e-11	-5.650276376905782e-19	862.566925
-4.68428407174315e-10	-4.7599893877440084e+29	5.924744744291444e-13	862.5769339999999
-4.68428407174315e-10	2.905266960292974e+25	5.924743117988185e-13	862.586914
-1.0446318645368464e+34	-6.67024787556487e-16	-1.385443229302637e+37	862.597076
-4.684317933545401e-10	-1026.0511474609375	-1.877625527032873e+17	862.6473080000001
2.0118861198425293	6.323569791378438e-30	-8.419568678578235e-27	862.657562
2.432219347019669e+24	-4.76002754446519e+29	5.924744744291444e-13	862.67749
2.432227129239825e+24	-1.790523356248741e-07	-2797882112.0	862.6826169999999
2.432227129239825e+24	-1.790523356248741e-07	-2797882112.0	862.687713
2.432223094014559e+24	-1.773248443180766e+21	-1.385442975772517e+37	862.697601
-1.0446318645368464e+34	-1.773256043005137e+21	-1.385442975772517e+37	862.7026060000001
-4.68429128819281e-10	-6.670165819248105e-16	-1.385443229302637e+37	862.768035
-4.684295173973396e-10	16810822.0	1.9688337852099622e+23	862.778015
2.432223094014559e+24	-6.670219288202901e-16	-1.385443229302637e+37	862.803375
2.432223094014559e+24	-6.670219288202901e-16	-1.385443229302637e+37	862.808258
2.0118861198425293	6.323569791378438e-30	-8.419568678578235e-27	862.858581
2.432227129239825e+24	1.0928487281791632e-11	-2797881344.0	862.8886709999999
2.011892795562744	-1026.042236328125	3.9760267100064084e-05	862.893737
2.432223094014559e+24	-1.773248443180766e+21	-1.385442975772517e+37	862.903808
2.432223094014559e+24	-1.773248443180766e+21	-1.385442975772517e+37	862.908752
-4.684295173973396e-10	-3.8596342227017265e-34	1.968833424921992e+23	862.964294
2.0118861198425293	6.323569791378438e-30	-8.419568678578235e-27	862.974243
-3.874780191905583e-34	2.9053153829961673e+25	2668.26708984375	862.989288
-3.8747489678368894e-34	2.9053153829961673e+25	5.924743117988185e-13	863.019439
2.0118861198425293	6.323377198384e-30	-8.419568678578235e-27	863.069702
2.0118894577026367	6.323473494881219e-30	1.9688341454979324e+23	863.084991
2.0118894577026367	2.355641573065519e-38	1.9688328844900367e+23	863.109924
2.0118894577026367	16810676.0	1.9688337852099622e+23	863.119903
2.432217329407036e+24	16811024.0	-41.69167709350586	863.180511
2.0118861198425293	-3.859541928028088e-34	-8.419565597090324e-27	863.2004079999999
-1.0446335976529014e+34	1.0928534119325484e-11	-2797881344.0	863.215515
2.432219347019669e+24	-6.670219288202901e-16	5.924742033786012e-13	863.225677
-1.0446285220987403e+34	-6.67024787556487e-16	-1.1918988462866764e-08	863.280883
-3.874761365628871e-34	1.0928581824221073e-11	-2797881344.0	863.286102
2.011892795562744	-3.8594831533105466e-34	3.97602743760217e-05	863.301116
-1.0446353307689564e+34	-6.67024787556487e-16	-5.650274308954251e-19	863.306182
-4.68429128819281e-10	1.0928399678256095e-11	-1.385443736362877e+37	863.316101
6.989956999745053e-41	16777216.0	3.976028165197931e-05	863.376434
2.432229146852458e+24	-3.859621824909745e-34	3.97602743760217e-05	863.386566
2.432229146852458e+24	-3.859621824909745e-34	3.97602743760217e-05	863.391754
-4.684280185962564e-10	16810822.0	-41.69167709350586	863.4167170000001
-3.87475493714414e-34	-1.7732637835669967e+21	-1.385442975772517e+37	863.482086
2.0118894577026367	-1026.057861328125	1.9688330646340218e+23	863.502502
2.0118894577026367	6.323377198384e-30	1.9688341454979324e+23	863.5072319999999
-4.68428407174315e-10	1.0928399678256095e-11	5.924744202190357e-13	863.517242
-1.0446335976529014e+34	2.9053027008596167e+25	-2797880832.0	863.532409
2.432223094014559e+24	-4.76002754446519e+29	-1.385443863127937e+37	863.607849
-3.874742539352158e-34	1.0928581824221073e-11	-1.1918992015580443e-08	863.6227719999999
-4.684287402412224e-10	-3.859575447984185e-34	-8.419565597090324e-27	863.6379079999999
9.919372639088998e-32	1.0928610447158427e-11	-1.385443736362877e+37	863.65805
-4.684287402412224e-10	-3.859575447984185e-34	-8.419565597090324e-27	863.718383
-4.684302945534569e-10	-1026.0511474609375	3.9760267100064084e-05	863.733703
-4.684287402412224e-10	-3.859575447984185e-34	-8.419565597090324e-27	863.753509
-4.684302945534569e-10	-3.8596342227017265e-34	3.97602743760217e-05	863.768707
-4.684280185962564e-10	-3.859575447984185e-34	-41.69166946411133	863.79898
2.0118958950042725	6.323473494881219e-30	8.029526403978572e-33	863.8139639999999
2.432231164465091e+24	-6.670219288202901e-16	-5.650274308954251e-19	863.8339530000001
-4.684272414401391e-10	16810822.0	-5.901998537799264e+19	863.849212
-4.684276300181978e-10	2.905266960292974e+25	-1.1918990239223604e-08	863.914428
2.432221076401926e+24	-1026.0634765625	-8.419564056346369e-27	863.924591
-4.684287402412224e-10	16811078.0	-8.41956713783428e-27	863.9298699999999
-3.874761365628871e-34	2.9053153829961673e+25	-2797880832.0	863.9396360000001
-3.874761365628871e-34	2.9053153829961673e+25	-2797880832.0	863.944641
-3.874761365628871e-34	-4.7600687235009206e+29	-2797881600.0	864.025238
2.011883020401001	6.323569791378438e-30	-41.69168472290039	864.0351860000001
2.432232893847348e+24	-1.0360593445571996e-25	8.02952860803048e-33	864.045318
2.011892795562744	16810676.0	3.976028165197931e-05	864.120788
-4.684295173973396e-10	-275428507648.0	1.9688343256419175e+23	864.1407770000001
2.0118796825408936	-3.859541928028088e-34	-5.901997658189962e+19	864.156005
2.011892795562744	-3.8594831533105466e-34	3.97602743760217e-05	864.171112
-1.0446318645368464e+34	2.9053027008596167e+25	-1.385443482832757e+37	864.241424
-4.684299059753982e-10	-4.7599893877440084e+29	-2797881600.0	864.2565910000001
2.0118894577026367	-3.8594831533105466e-34	1.968833424921992e+23	864.266479
-4.684299059753982e-10	2.905266960292974e+25	-2797880832.0	864.281555
-4.684268528620805e-10	-6.670165819248105e-16	2.5239439814980095e-30	864.36203
-4.684268528620805e-10	-6.670165819248105e-16	2.5239439814980095e-30	864.367034
-3.8747489678368894e-34	-6.670276992322432e-16	5.924742033786012e-13	864.387298
-1.0446302552147953e+34	1.0928534119325484e-11	5.924744202190357e-13	864.392242
-1.0446302552147953e+34	1.0928534119325484e-11	5.924744202190357e-13	864.397155
-4.684295173973396e-10	16810822.0	1.9688337852099622e+23	864.4072570000001
2.0118861198425293	-1026.042236328125	-8.419564056346369e-27	864.513061
2.011902093887329	-3.859541928028088e-34	-3.791835248567743e-11	864.527893
2.0118958950042725	16810932.0	8.029524934610633e-33	864.568267
-4.684280185962564e-10	6.323528413977289e-30	-41.69168472290039	864.588317
-4.684295173973396e-10	-275428507648.0	1.9688343256419175e+23	864.598358
9.91940555293082e-32	1.0928610447158427e-11	-5.650276376905782e-19	864.618774
2.432227129239825e+24	1.0928487281791632e-11	-2797881344.0	864.698974
-3.874761365628871e-34	2.9053153829961673e+25	-2797880832.0	864.709197
-1.0446335976529014e+34	1.0928534119325484e-11	-2797881344.0	864.714019
-4.68429128819281e-10	-6.670165819248105e-16	-1.385443229302637e+37	864.729095
-1.0446276555407128e+34	16811132.0	-5.901998537799264e+19	864.809692
-4.684280185962564e-10	6.323528413977289e-30	-41.69168472290039	864.819641
-1.0446335976529014e+34	2.9053027008596167e+25	-2797880832.0	864.82965
-1.0446353307689564e+34	2.9053027008596167e+25	-5.650275342930016e-19	864.844818
-1.0446353307689564e+34	2.9053027008596167e+25	-5.650275342930016e-19	864.849792
-1.0446318645368464e+34	2.9053027008596167e+25	-1.385443482832757e+37	864.905334
-3.874761365628871e-34	-6.670276992322432e-16	-2797880320.0	864.925292
9.919372639088998e-32	2.9053229922780977e+25	-1.385443482832757e+37	864.9358520000001
9.919372639088998e-32	2.9053229922780977e+25	-1.385443482832757e+37	864.94046
2.432232893847348e+24	-1026.0634765625	8.029521995874756e-33	865.000732
4.062968773698534e-28	-4.760157881780117e+29	5.924744744291444e-13	865.0158690000001
4.062968773698534e-28	-4.760157881780117e+29	5.924744744291444e-13	865.020812
0.0004911827854812145	-6.670358519243606e-16	5.924742033786012e-13	865.025817
2212078026752.0	1.66491665077766e+35	-2.646545901051899e-24	865.1014700000001
-1.0401319622399195e-25	-1.7732834868153664e+21	-5.138893607162104e-31	865.111267
-4.260331544849714e-22	0.0029336391016840935	5.924747996897961e-13	865.121368
2.011883020401001	6.323762384372877e-30	-41.69168472290039	865.126403
-3.874705805153695e-34	-275439583232.0	13741664256.0	865.1465450000001
2212110532608.0	-1.773272227816298e+21	5.38852050302361e-25	865.201812
9.962337388827184e+27	4.071285716640542e-20	2.523943417260721e-30	865.211914
9.919443168750047e-32	0.06262700259685516	-3.791833513844267e-11	865.232086
4.46728829211503e-16	-48.065155029296875	-1.3854450040134773e+37	865.2520440000001
2.011883020401001	-1.0360852290556522e-25	-41.69169616699219	865.312408
2212099522560.0	4512765624451072.0	3.976030711783096e-05	865.327697
2212099522560.0	4512765624451072.0	3.976030711783096e-05	865.33255
-2.319556393113223e+18	0.002933657728135586	-5.650279995820962e-19	865.347625
-2.319556393113223e+18	-6.670365401386302e-16	-5.650274308954251e-19	865.4181209999999
2212088774656.0	-7.393715199100636e+19	-41.691715240478516	865.433044
2.432229146852458e+24	0.0626268982887268	3.976025618612766e-05	865.458526
-2109636.5	0.0029336672741919756	-0.0025446598883718252	865.5237119999999
-1.918685711643775e-06	-4.760162793041259e+29	-1.385443863127937e+37	865.543731
-3.874798099827334e-34	4512802131673088.0	-170769.21875	865.553924
-2.319571786276012e+18	-1.773287286727552e+21	-5.138893607162104e-31	865.558959
4.467303115191607e-16	2.905360346934847e+25	-5.650275342930016e-19	865.568908
2.011883020401001	-1026.089111328125	-41.6916618347168	865.6193539999999
-4.2603719345280615e-22	6.323751851943494e-30	-3.560162700537524e-39	865.649322
-1.0446260462186617e+34	16811388.0	0.012497968040406704	865.714691
-4.684295173973396e-10	-1026.0823974609375	1.9688330646340218e+23	865.734802
-1.0401283877139427e-25	2.9053476647982963e+25	2668.26708984375	865.755096
-2.3195638148167107e+18	-1.790562578207755e-07	2668.268310546875	865.765075
-2109636.5	2.905363344530759e+25	-0.0025446577928960323	865.815307
-9.500863579695023e+21	-1026.0906982421875	-8.419564056346369e-27	865.845489
-1.0446418918511646e+34	-1026.085693359375	3.6161752268584754e-17	865.855377
9.919451397210503e-32	-275436470272.0	-3.560164101835988e-39	865.910797
-1.0446327310948739e+34	6.323645023016891e-30	1.9688341454979324e+23	865.920806
4.062988514480464e-28	-1.7732969976142485e+21	-5.650273274978485e-19	865.941101
4.062988514480464e-28	-1.7732969976142485e+21	-5.650273274978485e-19	865.946228
-1.9186982171959244e-06	2.9053727984870968e+25	2668.26708984375	865.950958
2.01189923286438	-3.859718252180711e-34	-1.8776258706302566e+17	866.00122
0.0004911835421808064	1.0928715397928723e-11	-1.385443736362877e+37	866.016296
-3.874745753594524e-34	6.32368640041804e-30	-41.69168472290039	866.026489
-3.874782487792987e-34	-275439583232.0	-3.791836983291219e-11	866.046691
-9.500887223593066e+21	1.0928680703459204e-11	-2797881344.0	866.096801
2212102930432.0	-1026.0841064453125	8.029521995874756e-33	866.1120599999999
-4.260355273785743e-22	-1026.08740234375	8.029521995874756e-33	866.137054
0.0004911835421808064	1.0928715397928723e-11	-1.385443736362877e+37	866.142395
2.0119054317474365	-1026.089111328125	179064324096.0	866.182464
2212088774656.0	-3.859699425903999e-34	-41.69166946411133	866.192413
2212088774656.0	-3.859699425903999e-34	-41.69166946411133	866.1974789999999
4.467325349806473e-16	-6.670380224462879e-16	-1.2600532766579244e+25	866.207611
0.0004911819705739617	2.9053508929785092e+25	-1.1918990239223604e-08	866.217529
9.919380867549453e-32	2.355766008369151e-38	1.9688328844900367e+23	866.237579
-4.260341642269301e-22	-3.85971182369598e-34	1.968833424921992e+23	866.2878410000001
4.467309997334304e-16	4.071276992470019e-20	1.3212612619471139e+31	866.3081970000001
4.467309997334304e-16	4.071276992470019e-20	1.3212612619471139e+31	866.3331900000001
-9.45980495817243e-38	2.905357118754634e+25	2.5239443576562018e-30	866.403778
-2.3195486965318287e+18	-4.760131814317132e+29	-1.385443863127937e+37	866.41864
-4.684302945534569e-10	16811334.0	3.976028165197931e-05	866.423797
4.467317408872592e-16	-4.760142392418053e+29	2668.267822265625	866.438903
2212095852544.0	-1026.0841064453125	1.9688330646340218e+23	866.504425
0.0004911827854812145	-1.7732854571402034e+21	5.92474094958384e-13	866.51419
-1.0446344642109289e+34	-3.859705395211249e-34	3.97602743760217e-05	866.529235
-2.3195486965318287e+18	-6.670365401386302e-16	-1.385443229302637e+37	866.539367
-2109617.25	-1.7732930569645746e+21	-1.385442975772517e+37	866.549346
-9.45986661530486e-38	-1.773289257052389e+21	-2797879808.0	866.554412
-9.45986661530486e-38	2.905357118754634e+25	-2797880832.0	866.63507
-9.45986661530486e-38	2.905357118754634e+25	-2797880832.0	866.639984
4.467281409972334e-16	1.092875095975998e-11	5.924744202190357e-13	866.659973
-2109624.25	-1.7732930569645746e+21	-5.650273274978485e-19	866.715454
9.919364410628542e-32	-3.859687028112017e-34	-8.419565597090324e-27	866.7253410000001
-2109624.25	1.0823321880887296e+17	-5.650271724014836e-19	866.735443
-2.3195451231190385e+18	1.0928726673631317e-11	5.924744202190357e-13	866.750549
-4.260348710463012e-22	2.355781142392566e-38	3.976026346208528e-05	866.760681
-4.260341642269301e-22	-3.85971182369598e-34	1.968833424921992e+23	866.765747
9.919364410628542e-32	-1026.080810546875	-8.419564056346369e-27	866.805877
-1.044637806649035e+34	6.32374131951411e-30	-1.877626557825024e+17	866.815917
4.46728829211503e-16	-4.760142392418053e+29	-1.385443863127937e+37	866.836059
4.46728829211503e-16	-4.760142392418053e+29	-1.385443863127937e+37	866.841003
-4.684287402412224e-10	16811334.0	-8.41956713783428e-27	866.85614
-2109617.25	-1.7732930569645746e+21	-1.385442975772517e+37	866.901397
-2.3195451231190385e+18	2.905353890574421e+25	5.924743117988185e-13	866.931518
4.467281409972334e-16	-1.773291227377226e+21	5.92474094958384e-13	866.936645
9.919412605896926e-32	4512751128936448.0	8.029530077398418e-33	867.012054
-2.319541274828341e+18	-4.760131814317132e+29	-1.1918992903758863e-08	867.022277
2212102930432.0	2.3557735753808585e-38	8.029521261190787e-33	867.032196
4.467295703653319e-16	-1.773291227377226e+21	-2797879808.0	867.057495
-9.45982065271523e-38	4.071272468826044e-20	-1.1918985798331505e-08	867.067382
-2.319541274828341e+18	1.0928726673631317e-11	-1.1918992015580443e-08	867.132629
-4.684280185962564e-10	-1026.0823974609375	-41.6916618347168	867.14273
-4.684272414401391e-10	-3.8596929974192676e-34	-5.901997658189962e+19	867.153076
9.919380867549453e-32	-3.859687028112017e-34	1.968833424921992e+23	867.162902
-2.319552544822526e+18	1.0928726673631317e-11	-2797881344.0	867.1728820000001
-2.3195451231190385e+18	1.0928726673631317e-11	5.924744202190357e-13	867.182922
2212088774656.0	-3.859699425903999e-34	-41.69166946411133	867.233428
-9.45983634725803e-38	-6.67037281292459e-16	5.924742033786012e-13	867.273498
2.432225111627192e+24	-3.859680599627286e-34	1.968833424921992e+23	867.288726
9.919349129201981e-32	6.323711226858729e-30	-41.69168472290039	867.338836
9.919349129201981e-32	6.323711226858729e-30	-41.69168472290039	867.3491819999999
9.919349129201981e-32	6.323711226858729e-30	-41.69168472290039	867.354095
-4.684287402412224e-10	-1026.0823974609375	-8.419564056346369e-27	867.358947
0.0004911843570880592	-6.670358519243606e-16	-2797880320.0	867.369079
-9.45985092076206e-38	1.0928738816695649e-11	-1.385443736362877e+37	867.379058
2212099522560.0	-3.859699425903999e-34	3.97602743760217e-05	867.389312
-1.0446309979788189e+34	-1026.085693359375	-8.419564056346369e-27	867.44458
4.46728829211503e-16	-6.670380224462879e-16	-1.385443229302637e+37	867.4544980000001
-2109610.5	-1.7732930569645746e+21	-1.1918986686509925e-08	867.489746
4.467273998434045e-16	-4.760142392418053e+29	-1.1918992903758863e-08	867.539978
0.0004911843570880592	-1.7732854571402034e+21	-2797879808.0	867.565124
-9.45980495817243e-38	4.071272468826044e-20	2.523943417260721e-30	867.630615
-4.684295173973396e-10	-1026.0823974609375	1.9688330646340218e+23	867.640625
4.467295703653319e-16	-6.670380224462879e-16	-2797880320.0	867.650665
4.467303115191607e-16	2.905360346934847e+25	-5.650275342930016e-19	867.675933
-9.45985092076206e-38	2.905357118754634e+25	-1.385443482832757e+37	867.731048
-9.45985092076206e-38	2.905357118754634e+25	-1.385443482832757e+37	867.736145
-2.3195486965318287e+18	2.905353890574421e+25	-1.385443482832757e+37	867.7461539999999
-2.319552544822526e+18	2.905353890574421e+25	-2797880832.0	867.766204
-4.26033457407559e-22	2.355781142392566e-38	-8.419563285974391e-27	867.776458
-2109614.0	-6.670387106605575e-16	5.924742033786012e-13	867.786468
-4.684287402412224e-10	-1026.0823974609375	-8.419564056346369e-27	867.841979
2212095852544.0	-1026.0841064453125	1.9688330646340218e+23	867.8518369999999
-1.0446276555407128e+34	-1026.085693359375	-5.901996778580659e+19	867.866882
-4.684295173973396e-10	2.3557696517451584e-38	1.9688328844900367e+23	867.876922
9.962353917109874e+27	-4.760152592729656e+29	-1.1918992903758863e-08	867.9473869999999
2212099522560.0	-3.859699425903999e-34	3.97602743760217e-05	867.9573359999999
9.962353917109874e+27	-1.7732950272894116e+21	-1.1918986686509925e-08	867.982604
2212095852544.0	-1026.0841064453125	1.9688330646340218e+23	867.992675
2212095852544.0	-1026.0841064453125	1.9688330646340218e+23	867.997711
2212088774656.0	-3.859699425903999e-34	-41.69166946411133	868.063049
2212088774656.0	-3.859699425903999e-34	-41.69166946411133	868.068176
-2.3195451231190385e+18	-4.760131814317132e+29	5.924744744291444e-13	868.07312
-1.0446293886567678e+34	16811388.0	-41.69167709350586	868.083129
-1.0446293886567678e+34	16811388.0	-41.69167709350586	868.088134
-9.45985092076206e-38	2.905357118754634e+25	-1.385443482832757e+37	868.10321
-1.04463607353298e+34	16811388.0	8.029524934610633e-33	868.153533
4.062988514480464e-28	2.9053698008911848e+25	-5.650275342930016e-19	868.163726
4.467303115191607e-16	-6.670380224462879e-16	-5.650274308954251e-19	868.173675
-4.260355273785743e-22	-1026.08740234375	8.029521995874756e-33	868.193847
-4.260355273785743e-22	-1026.08740234375	8.029521995874756e-33	868.198974
-2109624.25	4.071281192996567e-20	-5.650272757990602e-19	868.203735
-4.260341642269301e-22	-1026.08740234375	1.9688330646340218e+23	868.259094
9.962370445392564e+27	-6.670394518143864e-16	5.924742033786012e-13	868.269134
-2109620.75	-4.7601473036791955e+29	-2797881600.0	868.274414
-1.0446344642109289e+34	-1026.085693359375	3.9760267100064084e-05	868.289306
2212102930432.0	16811362.0	8.029524934610633e-33	868.299285
4.467303115191607e-16	-4.760142392418053e+29	-5.650276893893665e-19	868.3094169999999
-2109617.25	1.0928762235462575e-11	-1.385443736362877e+37	868.374755
-1.04463607353298e+34	16811388.0	8.029524934610633e-33	868.384796
-1.0446327310948739e+34	-1.0360817777891918e-25	1.9688346859298877e+23	868.404998
-1.044637806649035e+34	6.32374131951411e-30	-1.877626557825024e+17	868.415069
2212099522560.0	-1.036080175415478e-25	3.976029984187335e-05	868.425201
-1.0446344642109289e+34	16811388.0	3.976028165197931e-05	868.500549
-2109624.25	7.799025342347994e+33	-5.650278961845196e-19	868.515655
-4.684302945534569e-10	1.697510932123235e-21	3.9760314393788576e-05	868.53067
-4.684280185962564e-10	-1.036078449782248e-25	-41.69169616699219	868.535675
4.467295703653319e-16	1.092875095975998e-11	-2797881344.0	868.585968
-2109617.25	-4.7601473036791955e+29	-1.385443863127937e+37	868.59616
-2109631.0	-4.7601473036791955e+29	2668.267822265625	868.611053
-9.45985092076206e-38	-1.2777895739649988e+38	-1.3854447504833572e+37	868.626159
2212099522560.0	4512765624451072.0	3.976030711783096e-05	868.636291
-4.260348710463012e-22	-1.036083503422422e-25	3.976029984187335e-05	868.711639
2212088774656.0	4512765624451072.0	-41.69170379638672	868.7219230000001
4.062981773725659e-28	0.002933673793449998	-2797883136.0	868.726959
-9.45986661530486e-38	-1.2777895739649988e+38	-2797883392.0	868.736755
4.467303115191607e-16	-1.7905665572470753e-07	-5.650277927869431e-19	868.746826
2212095852544.0	4512765624451072.0	1.968835046217858e+23	868.807189
-2.319556393113223e+18	-1.2777881541963266e+38	-5.650280512808845e-19	868.817382
-2109631.0	-1.7905684046581882e-07	2668.268310546875	868.842407
2.011892795562744	1.6975220392847805e-21	3.9760314393788576e-05	868.847595
9.962402321366323e+27	7.799034007928269e+33	-2797882624.0	868.857452
2212092182528.0	4512765624451072.0	-8.419572530438124e-27	868.927825
2212092182528.0	4512765624451072.0	-8.419572530438124e-27	868.932983
-4.26033457407559e-22	1.697519212007296e-21	-8.41957407118208e-27	868.953002
9.919364410628542e-32	-1.0360768474085342e-25	-8.419570989694168e-27	868.963165
-4.684287402412224e-10	-7.393702884570405e+19	-8.419574841554057e-27	868.9682
-2109620.75	7.799025342347994e+33	-2797882624.0	869.028381
2212095852544.0	-7.393715199100636e+19	1.968835586649813e+23	869.048706
9.919364410628542e-32	1.6975083067941424e-21	-8.41957407118208e-27	869.068634
-1.0446327310948739e+34	-1.0360817777891918e-25	1.9688346859298877e+23	869.083801
9.919364410628542e-32	4512751128936448.0	-8.419572530438124e-27	869.144195
-2109620.75	7.799025342347994e+33	-2797882624.0	869.1643369999999
9.962370445392564e+27	-4.760152592729656e+29	5.924744744291444e-13	869.179412
-1.0446327310948739e+34	4512772603772928.0	1.968835046217858e+23	869.2448420000001
-2.3195451231190385e+18	-1.2777881541963266e+38	5.924748538999047e-13	869.249755
-2.319556393113223e+18	7.798999964577189e+33	-5.650278961845196e-19	869.259735
-2.319556393113223e+18	7.798999964577189e+33	-5.650278961845196e-19	869.264801
4.467295703653319e-16	-48.065155029296875	-2797883904.0	869.274932
-4.684287402412224e-10	-1.036078449782248e-25	-8.419570989694168e-27	869.284942
4.467295703653319e-16	7.799017295737739e+33	-2797882624.0	869.375396
-9.500895104892414e+21	4512794615480320.0	3.976030711783096e-05	869.385528
4.467303115191607e-16	7.799017295737739e+33	-5.650278961845196e-19	869.395507
-4.684295173973396e-10	4512758108258304.0	1.968835046217858e+23	869.400665
-9.45983634725803e-38	7.799008630157464e+33	5.924746912695789e-13	869.481048
0.0004911843570880592	7.798991917966933e+33	-2797882624.0	869.496032
-2109620.75	0.0029336672741919756	-2797883136.0	869.506286
4.467281409972334e-16	-1.7905665572470753e-07	5.924745828493616e-13	869.5111380000001
-4.260362341979454e-22	-275438239744.0	-1.877626729623716e+17	869.521331
2212095852544.0	6.323731539401111e-30	1.9688341454979324e+23	869.576507
4.46728829211503e-16	-48.065155029296875	-1.3854450040134773e+37	869.581604
-9.45986661530486e-38	7.799008630157464e+33	-2797882624.0	869.5915219999999
-2.319552544822526e+18	7.798999964577189e+33	-2797882624.0	869.6022330000001
9.962370445392564e+27	0.0029336705338209867	5.924747996897961e-13	869.6168210000001
-4.684317933545401e-10	-1.036078449782248e-25	-1.8776270732210995e+17	869.677001
4.46728829211503e-16	-4.760142392418053e+29	-1.385443863127937e+37	869.687194
-9.45988230984766e-38	0.002933660987764597	-5.650279995820962e-19	869.70227
-9.45988230984766e-38	-1.790564567727415e-07	-5.650277927869431e-19	869.71228
-2109617.25	-4.7601473036791955e+29	-1.385443863127937e+37	869.772644
9.919364410628542e-32	-275436470272.0	-8.419569448950213e-27	869.802917
9.919364410628542e-32	-275436470272.0	-8.419569448950213e-27	869.807922
2212102930432.0	4512765624451072.0	8.029530077398418e-33	869.822998
-1.0446327310948739e+34	-275437780992.0	1.9688343256419175e+23	869.908416
-4.260348710463012e-22	-7.393738948551796e+19	3.976031803176738e-05	869.9288329999999
4.467303115191607e-16	7.799017295737739e+33	-5.650278961845196e-19	869.938568
9.919397324470365e-32	-1.0360768474085342e-25	3.976029984187335e-05	869.948547
-1.0446344642109289e+34	4512772603772928.0	3.976030711783096e-05	870.004089
-9.45983634725803e-38	7.799008630157464e+33	5.924746912695789e-13	870.034118
-9.45986661530486e-38	-48.065101623535156	-2797883904.0	870.0491939999999
-1.0446327310948739e+34	-1.0360817777891918e-25	1.9688346859298877e+23	870.059265
2212092182528.0	-275437355008.0	-8.419569448950213e-27	870.104553
4.467309997334304e-16	0.002933664247393608	1.3212629544432613e+31	870.114532
2212092182528.0	-275437355008.0	-8.419569448950213e-27	870.129852
-4.684295173973396e-10	4512758108258304.0	1.968835046217858e+23	870.139739
2212099522560.0	-1.036080175415478e-25	3.976029984187335e-05	870.154998
-2.319552544822526e+18	7.798999964577189e+33	-2797882624.0	870.210174
2212102930432.0	-275437355008.0	8.029527138662541e-33	870.2203059999999
-2109627.5	2.905363344530759e+25	1.3212618664100237e+31	870.225128
-4.260348710463012e-22	-1.036083503422422e-25	3.976029984187335e-05	870.2507929999999
4.467303115191607e-16	2.905360346934847e+25	-5.650275342930016e-19	870.300598
-4.684295173973396e-10	4512758108258304.0	1.968835046217858e+23	870.315826
-4.260355273785743e-22	-1.036083503422422e-25	8.02952860803048e-33	870.330841
-4.684310161984229e-10	4512758108258304.0	8.029530077398418e-33	870.340881
2212099522560.0	-1.036080175415478e-25	3.976029984187335e-05	870.3961790000001
-9.45988230984766e-38	7.799008630157464e+33	-5.650278961845196e-19	870.406341
-9.45988230984766e-38	7.799008630157464e+33	-5.650278961845196e-19	870.411407
-1.0446344642109289e+34	6.32374131951411e-30	3.9760288927936926e-05	870.426361
-1.0446344642109289e+34	6.32374131951411e-30	3.9760288927936926e-05	870.431365
-4.684295173973396e-10	6.323721006971728e-30	1.9688341454979324e+23	870.446685
4.467303115191607e-16	-1.7905665572470753e-07	-5.650277927869431e-19	870.496704
2212092182528.0	-1.036080175415478e-25	-8.419570989694168e-27	870.511932
4.467295703653319e-16	2.905360346934847e+25	-2797880832.0	870.52185
9.919380867549453e-32	6.323711226858729e-30	1.9688341454979324e+23	870.5319509999999
-9.45986661530486e-38	7.799008630157464e+33	-2797882624.0	870.597229
4.467303115191607e-16	7.799017295737739e+33	-5.650278961845196e-19	870.612609
-2.319552544822526e+18	-4.760131814317132e+29	-2797881600.0	870.617431
-2.319552544822526e+18	-4.760131814317132e+29	-2797881600.0	870.622406
4.467273998434045e-16	-1.7905665572470753e-07	-1.1918994680115702e-08	870.6324460000001
-4.684287402412224e-10	1.697510932123235e-21	-8.41957407118208e-27	870.637512
-2109627.5	0.0029336672741919756	1.3212629544432613e+31	870.6478569999999
-2109627.5	0.0029336672741919756	1.3212629544432613e+31	870.652709
-2.3195599665260134e+18	-1.790562578207755e-07	1.3212624708729335e+31	870.718048
-4.684295173973396e-10	-1.036078449782248e-25	1.9688346859298877e+23	870.7332759999999
-2109620.75	7.799025342347994e+33	-2797882624.0	870.768402
-1.0446344642109289e+34	-1.0360817777891918e-25	3.976029984187335e-05	870.818481
-2.3195486965318287e+18	0.002933657728135586	-1.3854446237182972e+37	870.909057
-2.3195486965318287e+18	0.002933657728135586	-1.3854446237182972e+37	870.914031
2.0118894577026367	16811444.0	1.9688337852099622e+23	870.924072
-4.684295173973396e-10	4512758108258304.0	1.968835046217858e+23	870.939147
-4.260348710463012e-22	4512780119965696.0	3.976030711783096e-05	870.949188
-4.260348710463012e-22	4512780119965696.0	3.976030711783096e-05	870.954193
-4.684287402412224e-10	6.323721006971728e-30	-8.419568678578235e-27	871.019744
-4.684287402412224e-10	6.323721006971728e-30	-8.419568678578235e-27	871.024902
-1.0446344642109289e+34	6.32374131951411e-30	3.9760288927936926e-05	871.049835
-4.684310161984229e-10	-1.036078449782248e-25	8.02952860803048e-33	871.1251520000001
4.467295703653319e-16	-1.7905665572470753e-07	-2797882112.0	871.160339
4.467295703653319e-16	0.002933664247393608	-2797883136.0	871.210784
-9.45988230984766e-38	-1.790564567727415e-07	-5.650277927869431e-19	871.2257079999999
-9.500895104892414e+21	-1.036086831429366e-25	3.976029984187335e-05	871.231018
-9.500895104892414e+21	-1.036086831429366e-25	3.976029984187335e-05	871.235809
4.46728829211503e-16	-4.760142392418053e+29	-1.385443863127937e+37	871.251098
4.46728829211503e-16	-4.760142392418053e+29	-1.385443863127937e+37	871.255981
9.919397324470365e-32	6.323711226858729e-30	3.9760288927936926e-05	871.261108
9.919397324470365e-32	6.323711226858729e-30	3.9760288927936926e-05	871.266052
2212102930432.0	-275437355008.0	8.029527138662541e-33	871.341369
4.467303115191607e-16	0.002933664247393608	-5.650279995820962e-19	871.36203
2.0118861198425293	6.323762384372877e-30	-8.419568678578235e-27	871.371704
-1.044637806649035e+34	-275437780992.0	-1.877626729623716e+17	871.3816830000001
-1.04463607353298e+34	1.697516384729812e-21	8.029531546766357e-33	871.3919980000001
-1.04463607353298e+34	1.697516384729812e-21	8.029531546766357e-33	871.396667
2212081696768.0	-1.036080175415478e-25	0.012497972697019577	871.44699
-4.684295173973396e-10	-1.036078449782248e-25	1.9688346859298877e+23	871.467132
2212102930432.0	6.323731539401111e-30	8.029526403978572e-33	871.482208
2212102930432.0	6.323731539401111e-30	8.029526403978572e-33	871.487121
-4.260341642269301e-22	4512780119965696.0	1.968835046217858e+23	871.492492
-9.45985092076206e-38	-4.7601371033675925e+29	-1.385443863127937e+37	871.542602
2.011892795562744	-1.0360852290556522e-25	3.976029984187335e-05	871.5578
-9.45983634725803e-38	7.799008630157464e+33	5.924746912695789e-13	871.562683
-9.45983634725803e-38	7.799008630157464e+33	5.924746912695789e-13	871.567657
-9.45988230984766e-38	-4.7601371033675925e+29	-5.650276893893665e-19	871.582733
2.011892795562744	-1.0360852290556522e-25	3.976029984187335e-05	871.592895
-9.45988230984766e-38	1.0928738816695649e-11	-5.650276376905782e-19	871.653381
-9.45988230984766e-38	1.0928738816695649e-11	-5.650276376905782e-19	871.658233
4.467309997334304e-16	-4.760142392418053e+29	1.3212622290877696e+31	871.683776
4.467309997334304e-16	-4.760142392418053e+29	1.3212622290877696e+31	871.688446
-9.45989688335169e-38	-4.7601371033675925e+29	1.3212622290877696e+31	871.693542
-4.260362341979454e-22	6.323751851943494e-30	-1.877626557825024e+17	871.743591
-9.500909741591203e+21	16811470.0	8.029524934610633e-33	871.758758
-9.45986661530486e-38	-1.790564567727415e-07	-2797882112.0	871.778808
-2109620.75	-4.7601473036791955e+29	-2797881600.0	871.784027
-2.319552544822526e+18	7.798999964577189e+33	-2797882624.0	871.7989190000001
-2109631.0	2.905363344530759e+25	2668.26708984375	871.864349
0.0004911859286949039	-4.7601269030559895e+29	1.3212622290877696e+31	871.8795769999999
0.000491185171995312	-4.7601269030559895e+29	-5.650276893893665e-19	871.884582
-2.319566013839966e+18	1.0928726673631317e-11	5.388523461252005e-25	871.894622
-9.500909741591203e+21	16811470.0	8.029524934610633e-33	871.904571
-1.04463607353298e+34	6.32374131951411e-30	8.029526403978572e-33	871.969848
9.962434197340082e+27	-6.670394518143864e-16	1.3212616246248597e+31	871.975128
9.962434197340082e+27	-6.670394518143864e-16	1.3212616246248597e+31	871.980102
-2109627.5	-1.7905684046581882e-07	1.3212624708729335e+31	872.00003
4.467317408872592e-16	-6.670380224462879e-16	2668.2666015625	872.005035
2.011892795562744	16811444.0	3.976028165197931e-05	872.040283
-1.04463607353298e+34	1.697516384729812e-21	8.029531546766357e-33	872.050384
-4.260362341979454e-22	16811416.0	-1.8776262142276403e+17	872.06546
-9.45986661530486e-38	-4.7601371033675925e+29	-2797881600.0	872.075592
-9.45986661530486e-38	-4.7601371033675925e+29	-2797881600.0	872.080566
9.962418849649013e+27	-4.760152592729656e+29	-5.650276893893665e-19	872.08554
-2109624.25	1.0928762235462575e-11	-5.650276376905782e-19	872.095764
9.962402321366323e+27	2.905366572710972e+25	-2797880832.0	872.146026
9.962402321366323e+27	2.905366572710972e+25	-2797880832.0	872.150878
-2109620.75	-6.670387106605575e-16	-2797880320.0	872.16101
-9.45989688335169e-38	2.905357118754634e+25	1.3212618664100237e+31	872.1765740000001
-9.45989688335169e-38	2.905357118754634e+25	1.3212618664100237e+31	872.181152
-1.044641025293137e+34	-275437780992.0	179064438784.0	872.23648
-1.044641025293137e+34	-275437780992.0	179064438784.0	872.241638
0.000491185171995312	-1.790560730796642e-07	-5.650277927869431e-19	872.2514639999999
4.467303115191607e-16	-6.670380224462879e-16	-5.650274308954251e-19	872.261535
-1.0446344642109289e+34	2.355777218756866e-38	3.976026346208528e-05	872.271667
-2109624.25	-4.7601473036791955e+29	-5.650276893893665e-19	872.2766409999999
-1.0446344642109289e+34	-1026.085693359375	3.9760267100064084e-05	872.316864
-1.0446344642109289e+34	-1026.085693359375	3.9760267100064084e-05	872.321868
-4.260348710463012e-22	16811416.0	3.976028165197931e-05	872.331878
2212099522560.0	-3.859699425903999e-34	3.97602743760217e-05	872.35202
0.000491185171995312	2.9053508929785092e+25	-5.650275342930016e-19	872.367309
0.000491185171995312	2.9053508929785092e+25	-5.650275342930016e-19	872.3722829999999
-2.319552544822526e+18	-4.760131814317132e+29	-2797881600.0	872.41751
-1.04463607353298e+34	16811388.0	8.029524934610633e-33	872.432495
0.0004911859286949039	2.9053508929785092e+25	1.3212618664100237e+31	872.442474
9.919380867549453e-32	16811308.0	1.9688337852099622e+23	872.447601
-9.45985092076206e-38	1.0928738816695649e-11	-1.385443736362877e+37	872.4577019999999
2212106600448.0	-3.859699425903999e-34	-1.8776258706302566e+17	872.467956
9.919397324470365e-32	16811308.0	3.976028165197931e-05	872.512969
-4.684302945534569e-10	6.323721006971728e-30	3.9760288927936926e-05	872.5179439999999
-9.45985092076206e-38	-4.7601371033675925e+29	-1.385443863127937e+37	872.533203
0.0004911859286949039	-4.7601269030559895e+29	1.3212622290877696e+31	872.5530699999999
-2109620.75	2.905363344530759e+25	-2797880832.0	872.558166
-2109620.75	2.905363344530759e+25	-2797880832.0	872.5632929999999
-9.45985092076206e-38	-4.7601371033675925e+29	-1.385443863127937e+37	872.5985410000001
-4.684295173973396e-10	-275436896256.0	1.9688343256419175e+23	872.623565
0.0004911859286949039	-4.7601269030559895e+29	1.3212622290877696e+31	872.628601
-2.319556393113223e+18	1.0928726673631317e-11	-5.650276376905782e-19	872.643615
2.432225111627192e+24	-275436011520.0	1.9688343256419175e+23	872.653625
-9.45986661530486e-38	2.905357118754634e+25	-2797880832.0	872.7240899999999
-9.45991257789449e-38	-1.790564567727415e-07	2668.268310546875	872.729278
-9.45991257789449e-38	-1.790564567727415e-07	2668.268310546875	872.734069
-1.0446344642109289e+34	6.32374131951411e-30	3.9760288927936926e-05	872.749206
-1.0446327310948739e+34	-275437780992.0	1.9688343256419175e+23	872.759429
-1.0446327310948739e+34	-275437780992.0	1.9688343256419175e+23	872.764282
-4.684302945534569e-10	-275436896256.0	3.9760292565915734e-05	872.80957
-2.319556393113223e+18	-4.760131814317132e+29	-5.650276893893665e-19	872.820068
4.467309997334304e-16	-4.760142392418053e+29	1.3212622290877696e+31	872.834777
-2.319552544822526e+18	-4.760131814317132e+29	-2797881600.0	872.8498529999999
-2.319552544822526e+18	-4.760131814317132e+29	-2797881600.0	872.854827
-1.04463607353298e+34	16811388.0	8.029524934610633e-33	872.865081
-4.684310161984229e-10	6.323721006971728e-30	8.029526403978572e-33	872.905303
0.000491185171995312	2.9053508929785092e+25	-5.650275342930016e-19	872.915191
9.919380867549453e-32	16811308.0	1.9688337852099622e+23	872.9454949999999
2212099522560.0	6.323731539401111e-30	3.9760288927936926e-05	872.955535
-4.684317933545401e-10	6.323721006971728e-30	-1.877626557825024e+17	873.005645
4.46728829211503e-16	-6.670380224462879e-16	-1.385443229302637e+37	873.021026
4.467309997334304e-16	1.092875095975998e-11	1.3212621081951876e+31	873.030853
4.467309997334304e-16	1.092875095975998e-11	1.3212621081951876e+31	873.035797
-4.684287402412224e-10	6.323721006971728e-30	-8.419568678578235e-27	873.040863
9.962370445392564e+27	-4.760152592729656e+29	5.924744744291444e-13	873.0509030000001
4.467295703653319e-16	-1.7905665572470753e-07	-2797882112.0	873.0611260000001
-4.260341642269301e-22	6.323751851943494e-30	1.9688341454979324e+23	873.1263730000001
-2.319556393113223e+18	1.0928726673631317e-11	-5.650276376905782e-19	873.136383
-9.45989688335169e-38	1.0928738816695649e-11	1.3212621081951876e+31	873.1516409999999
-4.260355273785743e-22	-1.036083503422422e-25	8.02952860803048e-33	873.16156
-2109627.5	1.0928762235462575e-11	1.3212621081951876e+31	873.17163
4.467295703653319e-16	-1.7905665572470753e-07	-2797882112.0	873.231903
4.467295703653319e-16	-1.7905665572470753e-07	-2797882112.0	873.236938
2212092182528.0	-275437355008.0	-8.419569448950213e-27	873.242004
-2109620.75	-1.7905684046581882e-07	-2797882112.0	873.257171
9.919412605896926e-32	-275436470272.0	8.029527138662541e-33	873.27716
-4.684280185962564e-10	-275436896256.0	-41.691688537597656	873.287292
-4.684302945534569e-10	16811334.0	3.976028165197931e-05	873.352661
-4.684302945534569e-10	16811334.0	3.976028165197931e-05	873.357666
9.919380867549453e-32	16811308.0	1.9688337852099622e+23	873.367706
2212095852544.0	-1.036080175415478e-25	1.9688346859298877e+23	873.383209
2212095852544.0	-1.036080175415478e-25	1.9688346859298877e+23	873.387847
9.962418849649013e+27	7.799034007928269e+33	-5.650278961845196e-19	873.428039
4.467295703653319e-16	-4.760142392418053e+29	-2797881600.0	873.438079
9.919364410628542e-32	6.323711226858729e-30	-8.419568678578235e-27	873.443206
9.919364410628542e-32	6.323711226858729e-30	-8.419568678578235e-27	873.448272
2212095852544.0	16811362.0	1.9688337852099622e+23	873.463562
-4.684295173973396e-10	16811334.0	1.9688337852099622e+23	873.483459
-9.45985092076206e-38	-4.7601371033675925e+29	-1.385443863127937e+37	873.5441579999999
-9.45985092076206e-38	1.0928738816695649e-11	-1.385443736362877e+37	873.5538329999999
2212099522560.0	16811362.0	3.976028165197931e-05	873.564086
2.0118958950042725	-3.85965947746317e-34	8.029523465242695e-33	873.573944
4.467309997334304e-16	-1.7905665572470753e-07	1.3212624708729335e+31	873.639495
-2109624.25	1.0928762235462575e-11	-5.650276376905782e-19	873.649291
-2109624.25	-4.7601473036791955e+29	-5.650276893893665e-19	873.669433
-4.260328010752859e-22	-1.036083503422422e-25	-41.69169616699219	873.679443
4.467295703653319e-16	-1.7905665572470753e-07	-2797882112.0	873.6845089999999
4.467295703653319e-16	-1.7905665572470753e-07	-2797882112.0	873.689483
-4.684302945534569e-10	-1.036078449782248e-25	3.976029984187335e-05	873.744964
-4.684295173973396e-10	16811334.0	1.9688337852099622e+23	873.754852
-4.684295173973396e-10	16811334.0	1.9688337852099622e+23	873.759948
-2109620.75	-1.7905684046581882e-07	-2797882112.0	873.77008
-2.3195599665260134e+18	-1.773287286727552e+21	1.3212613828396958e+31	873.785156
-2.3195599665260134e+18	-1.773287286727552e+21	1.3212613828396958e+31	873.790191
9.919349129201981e-32	6.323711226858729e-30	-41.69168472290039	873.830352
2212092182528.0	-275437355008.0	-8.419569448950213e-27	873.8503410000001
-9.45983634725803e-38	-4.7601371033675925e+29	5.924744744291444e-13	873.855468
-2109620.75	-4.7601473036791955e+29	-2797881600.0	873.8655699999999
-2109620.75	-4.7601473036791955e+29	-2797881600.0	873.870727
-2109624.25	-6.670387106605575e-16	-5.650274308954251e-19	873.885681
-4.260341642269301e-22	6.323751851943494e-30	1.9688341454979324e+23	873.936065
-1.0446309979788189e+34	6.32374131951411e-30	-8.419568678578235e-27	873.951049
9.962385793083633e+27	-6.670394518143864e-16	-1.385443229302637e+37	873.955993
-9.45985092076206e-38	2.905357118754634e+25	-1.385443482832757e+37	873.966217
9.91933267228107e-32	-3.859687028112017e-34	-5.901997658189962e+19	873.981201
-2109617.25	2.905363344530759e+25	-1.385443482832757e+37	874.031646
2.0118894577026367	-1026.089111328125	1.9688330646340218e+23	874.04663
2.0118894577026367	-1026.089111328125	1.9688330646340218e+23	874.051513
-2.319537426537644e+18	-4.760131814317132e+29	2.5239449218934902e-30	874.056579
4.467281409972334e-16	-6.670380224462879e-16	5.924742033786012e-13	874.066894
4.467281409972334e-16	-6.670380224462879e-16	5.924742033786012e-13	874.071807
-1.0446327310948739e+34	16811388.0	1.9688337852099622e+23	874.086761
4.46728829211503e-16	-4.760142392418053e+29	-1.385443863127937e+37	874.1322319999999
-1.0446293886567678e+34	16811388.0	-41.69167709350586	874.14212
9.962370445392564e+27	-6.670394518143864e-16	5.924742033786012e-13	874.157104
2.0118861198425293	6.323762384372877e-30	-8.419568678578235e-27	874.172241
2.0118894577026367	-3.859718252180711e-34	1.968833424921992e+23	874.177368
2.0118894577026367	-3.859718252180711e-34	1.968833424921992e+23	874.182281
-1.0446276555407128e+34	2.355777218756866e-38	-5.901996338776008e+19	874.237609
4.062981773725659e-28	-1.7905723836975085e-07	-2797882112.0	874.24768
2.011883020401001	6.323762384372877e-30	-41.69168472290039	874.262939
-1.0446243131026067e+34	-275437780992.0	-2.6465482676346147e-24	874.272888
4.062968773698534e-28	-1.7905723836975085e-07	5.924745828493616e-13	874.333099
-1.918688894875231e-06	-1.7732988272015971e+21	-2797879808.0	874.338165
-34563747840.0	2.962263396487427e-31	6.188701858637632e+25	874.353363
9.962337388827184e+27	-1.7732950272894116e+21	2.5239436053398173e-30	874.358337
4.062988514480464e-28	-6606046101504.0	-5.650269656063305e-19	874.368255
4.062975032970853e-28	-1.7905723836975085e-07	-1.385444116658057e+37	874.378326
4.467273998434045e-16	7.799017295737739e+33	-1.1918996456472541e-08	874.38858
9.962370445392564e+27	787501.1875	5.924751791605565e-13	874.448791
4.467303115191607e-16	0.002933664247393608	-5.650279995820962e-19	874.458923
2212099522560.0	16811362.0	3.976028165197931e-05	874.468963
-4.684302945534569e-10	-1026.0823974609375	3.9760267100064084e-05	874.483886
-4.684265197951731e-10	2.3557696517451584e-38	0.012497963383793831	874.493957
-9.459798231939801e-38	6.323822569683639e-30	0.012497969903051853	874.544189
-1.040129004011525e-25	1.6975299152720582e-21	-3.79183906495939e-11	874.554504
-1.0401084196722793e-25	-1.0360900361767933e-25	13741666304.0	874.569427
2.011902093887329	16811444.0	-3.7918359424571335e-11	874.579376
-1.9186827557859942e-06	2.9053727984870968e+25	5.924743117988185e-13	874.589752
4.062968773698534e-28	1.0928786521591238e-11	5.924744202190357e-13	874.64981
-3.874764579871236e-34	-7.393662422542503e+19	3.976031803176738e-05	874.659851
-3.874764579871236e-34	-7.393662422542503e+19	3.976031803176738e-05	874.664947
-2.3195393506829926e+18	-1.0360933641837372e-25	-5.902000736822519e+19	874.674957
9.919340900741525e-32	1.0928610447158427e-11	-1.1918992015580443e-08	874.68515
-4.684265197951731e-10	4512758108258304.0	0.012497974559664726	874.705078
2.4322055119616136e+24	-1.0360908989934084e-25	-2.6465486620650673e-24	874.760528
2.4322055119616136e+24	-1.0360908989934084e-25	-2.6465486620650673e-24	874.765502
-4.260375468624917e-22	2.355781142392566e-38	179064307712.0	874.780853
-4.260375468624917e-22	2.355781142392566e-38	179064307712.0	874.785552
4.062916773590036e-28	0.002933673793449998	6.804545090868859e+37	874.800659
0.000491185171995312	-4.7601269030559895e+29	-5.650276893893665e-19	874.840911
0.000491185171995312	-4.7601269030559895e+29	-5.650276893893665e-19	874.8460689999999
2212081696768.0	-1.036080175415478e-25	0.012497972697019577	874.871276
2212081696768.0	-1.036080175415478e-25	0.012497972697019577	874.876159
-1.0401158152432658e-25	4512808574124032.0	0.012497974559664726	874.886077
-3.8747269273178115e-34	-1.036088557062596e-25	-2.6465486620650673e-24	874.946594
-0.031435295939445496	-1.790584178706922e-07	6.804543062627898e+37	874.961578
-0.031435295939445496	-1.790584178706922e-07	6.804543062627898e+37	874.966491
1.4845016659999064e+20	-1.7905861682265822e-07	6.188695863445808e+25	874.981628
-6.348367644045193e-30	-4.760191882818794e+29	2.5239449218934902e-30	874.996765
-6.348378176474576e-30	-4.760191882818794e+29	-1.1918992903758863e-08	875.016937
2.9979464244433984e-08	1.0928876727211989e-11	-1.385443736362877e+37	875.026916
2.997951398242549e-08	-4.7601971718692546e+29	-2797881600.0	875.037109
2212088774656.0	-1.0360959526335825e-25	-41.69169616699219	875.046966
4.467306291565159e-16	1.6975410224336037e-21	8.029531546766357e-33	875.057098
2212102930432.0	6.323827835898331e-30	8.029526403978572e-33	875.067413
-2109612.25	-1.0360984178239113e-25	-41.69169616699219	875.1375419999999
1.4845088787961846e+20	7.799102713600449e+33	5.924746912695789e-13	875.147674
-2109608.75	6.323842882226021e-30	-5.901999417408566e+19	875.152832
2.9979368321164657e-08	-4.7601971718692546e+29	-1.1918992903758863e-08	875.162628
6.054285217737747e-36	1.0928882798744155e-11	-1.1918992015580443e-08	875.1728820000001
-2109608.75	-3.8597673841711555e-34	-5.901997658189962e+19	875.18283
2212092182528.0	-1.0360959526335825e-25	-8.419570989694168e-27	875.1929319999999
-6.348378176474576e-30	-1.7905851734667522e-07	-1.1918994680115702e-08	875.238281
-2109615.5	-1.0360984178239113e-25	-8.419570989694168e-27	875.2482600000001
1.4845111657803704e+20	-1.7905861682265822e-07	-1.385444116658057e+37	875.2531730000001
1.4845111657803704e+20	-1.7905861682265822e-07	-1.385444116658057e+37	875.258178
-6.348378176474576e-30	-4.760191882818794e+29	-1.1918992903758863e-08	875.268371
-1.0446293886567678e+34	16811644.0	-41.69167709350586	875.283447
-1.0446293886567678e+34	16811644.0	-41.69167709350586	875.288391
-2109612.25	-1.0360984178239113e-25	-41.69169616699219	875.338806
1.4845088787961846e+20	-4.760194527344024e+29	5.924744744291444e-13	875.3437799999999
1.4845088787961846e+20	-4.760194527344024e+29	5.924744744291444e-13	875.353881
2.997956372041699e-08	-1.7905871629864123e-07	-5.650277927869431e-19	875.363861
-141573329256448.0	-1.277807016837258e+38	2.523946238447163e-30	875.37387
-6.348357863932194e-30	1.0928864584147657e-11	6.188694479940003e+25	875.383911
-2109605.5	-275442204672.0	0.012497970834374428	875.43927
-1.0446327310948739e+34	-275441975296.0	1.9688343256419175e+23	875.4492789999999
-4.260348710463012e-22	-275442434048.0	3.9760292565915734e-05	875.454345
2.997941805915616e-08	7.799107046390587e+33	5.924746912695789e-13	875.474609
2.997941805915616e-08	7.799107046390587e+33	5.924746912695789e-13	875.479553
-4.260328010752859e-22	16811672.0	-41.69167709350586	875.489501
2.997941805915616e-08	-1.7905871629864123e-07	5.924745828493616e-13	875.504669
-1.0446276555407128e+34	-275441975296.0	-5.901999857213217e+19	875.514831
-1.0446276555407128e+34	-275441975296.0	-5.901999857213217e+19	875.519714
6.05429526224514e-36	-1.7905881577462424e-07	5.924745828493616e-13	875.534973
-4.26033457407559e-22	-1.0360992806405264e-25	-8.419570989694168e-27	875.549865
-2109612.25	4512845081346048.0	-41.69170379638672	875.555145
6.05429526224514e-36	1.0928882798744155e-11	5.924744202190357e-13	875.655578
-2109612.25	-275442204672.0	-41.691688537597656	875.670532
2.9979318583173153e-08	-4.7601971718692546e+29	2.5239449218934902e-30	875.67575
2.9979318583173153e-08	-4.7601971718692546e+29	2.5239449218934902e-30	875.680755
-4.26033457407559e-22	4512848839442432.0	-8.419572530438124e-27	875.6906730000001
2.997941805915616e-08	-1.7905871629864123e-07	5.924745828493616e-13	875.700744
1.4845039529840922e+20	-1.7905861682265822e-07	2.5239452980516825e-30	875.746002
1.4845039529840922e+20	-1.7905861682265822e-07	2.5239452980516825e-30	875.751068
1.4845064158901384e+20	-1.7905861682265822e-07	-1.1918994680115702e-08	875.761413
-141572876271616.0	-4.760202083130397e+29	-13105.0712890625	875.776123
-141572876271616.0	-4.760202083130397e+29	-13105.0712890625	875.781158
-6.348357863932194e-30	1.0928864584147657e-11	6.188694479940003e+25	875.791381
4.467255998983916e-16	6.323833102113022e-30	-2.6465480704193884e-24	875.801391
-0.03143574669957161	-6.670445869516291e-16	-1.385443229302637e+37	875.851531
-1.0446293886567678e+34	4512841323249664.0	-41.69170379638672	875.856781
1.4845088787961846e+20	2.905392167568374e+25	5.924743117988185e-13	875.86676
-1.0446276555407128e+34	-1.0360975550072962e-25	-5.902000736822519e+19	875.881866
2.0118861198425293	6.323858680870096e-30	-8.419568678578235e-27	875.8919060000001
1.4845039529840922e+20	-1.7905861682265822e-07	2.5239452980516825e-30	875.8968199999999
1.4845039529840922e+20	-1.7905861682265822e-07	2.5239452980516825e-30	875.901885
-1.0446293886567678e+34	-275441975296.0	-41.691688537597656	875.95227
-0.03143564611673355	0.002933693118393421	-1.1918998232829381e-08	875.962341
6.054304589287718e-36	-1.7905881577462424e-07	-1.385444116658057e+37	875.97232
-1.0446276555407128e+34	6.32383761601133e-30	-5.901999417408566e+19	875.982238
-141573564137472.0	-4.760202083130397e+29	-1.1918992903758863e-08	875.992492
-4.260314379236417e-22	-275442434048.0	0.012497970834374428	876.00238
2.9979318583173153e-08	-4.7601971718692546e+29	2.5239449218934902e-30	876.062866
1.4845039529840922e+20	7.799102713600449e+33	2.5239456742098747e-30	876.067779
1.4845039529840922e+20	7.799102713600449e+33	2.5239456742098747e-30	876.072845
-6.34838870890396e-30	-1.2778042787119615e+38	5.924748538999047e-13	876.09793
2.0118796825408936	16811700.0	-5.901998537799264e+19	876.108062
9.962377528942288e+27	6.323853414655405e-30	-8.419568678578235e-27	876.16333
1.4845088787961846e+20	7.799102713600449e+33	5.924746912695789e-13	876.168365
-1.0446276555407128e+34	-275441975296.0	-5.901999857213217e+19	876.19345
-4.260341642269301e-22	-1.0360992806405264e-25	1.9688346859298877e+23	876.198608
2.997927239789533e-08	-1.7905871629864123e-07	6.188695863445808e+25	876.2539360000001
-2109612.25	-1.0360984178239113e-25	-41.69169616699219	876.263946
2.997941805915616e-08	-1.7905871629864123e-07	5.924745828493616e-13	876.273925
1.4845111657803704e+20	-4.760194527344024e+29	-1.385443863127937e+37	876.289123
1.4845111657803704e+20	-4.760194527344024e+29	-1.385443863127937e+37	876.294006
-0.03143574669957161	7.799094048020174e+33	-1.3854443701881771e+37	876.304138
1.4845039529840922e+20	1.0928870655679823e-11	2.523944733814394e-30	876.3595270000001
-2109615.5	6.323842882226021e-30	-8.419568678578235e-27	876.369506
-141572876271616.0	-1.7905890103975253e-07	-13105.0732421875	876.379669
-1.0446309979788189e+34	-275441975296.0	-8.419569448950213e-27	876.389648
-1.0446309979788189e+34	-275441975296.0	-8.419569448950213e-27	876.394622
-4.26033457407559e-22	16811672.0	-8.41956713783428e-27	876.399841
-4.26033457407559e-22	16811672.0	-8.41956713783428e-27	876.404663
-1.0446276555407128e+34	16811644.0	-5.901998537799264e+19	876.465057
9.962394057224978e+27	-1.0361001434571415e-25	1.9688346859298877e+23	876.485137
-2109615.5	-275442204672.0	-8.419569448950213e-27	876.5002440000001
-2109615.5	-275442204672.0	-8.419569448950213e-27	876.505157
1.4845064158901384e+20	-4.760194527344024e+29	-1.1918992903758863e-08	876.510406
-2.859060102382294e-14	1.0928894074446749e-11	5.924744202190357e-13	876.565582
-6.34838870890396e-30	7.799098380810312e+33	5.924746912695789e-13	876.575744
2.9979464244433984e-08	1.0928876727211989e-11	-1.385443736362877e+37	876.585662
1.4845039529840922e+20	-4.760194527344024e+29	2.5239449218934902e-30	876.600891
4.467270292664901e-16	16811632.0	-5.901998537799264e+19	876.611083
-4.26033457407559e-22	-1.0360992806405264e-25	-8.419570989694168e-27	876.666168
-4.260320942559148e-22	-275442434048.0	-5.901999857213217e+19	876.676361
-6.348378176474576e-30	1.0928864584147657e-11	-1.1918992015580443e-08	876.6864009999999
-4.26033457407559e-22	-1.0360992806405264e-25	-8.419570989694168e-27	876.6963499999999
-4.260328010752859e-22	-275442434048.0	-41.691688537597656	876.706634
2.997941805915616e-08	-4.7601971718692546e+29	5.924744744291444e-13	876.716583
-1.0446344642109289e+34	-1.0360975550072962e-25	3.976029984187335e-05	876.7767630000001
-6.34838870890396e-30	-4.760191882818794e+29	5.924744744291444e-13	876.78186
-6.34838870890396e-30	-4.760191882818794e+29	5.924744744291444e-13	876.7868040000001
1.4845088787961846e+20	7.799102713600449e+33	5.924746912695789e-13	876.817047
-1.0446276555407128e+34	6.32383761601133e-30	-5.901999417408566e+19	876.822082
2212081696768.0	-275441549312.0	0.012497970834374428	876.882629
1.4845088787961846e+20	2.905392167568374e+25	5.924743117988185e-13	876.892395
-2109612.25	-1.0360984178239113e-25	-41.69169616699219	876.902709
1.4845016659999064e+20	-4.760194527344024e+29	6.188694941108605e+25	876.922698
-6.348398489016958e-30	-4.760191882818794e+29	-1.385443863127937e+37	876.9328909999999
-6.348398489016958e-30	-4.760191882818794e+29	-1.385443863127937e+37	876.937683
1.4845039529840922e+20	1.0928870655679823e-11	2.523944733814394e-30	876.993041
1.4845039529840922e+20	1.0928870655679823e-11	2.523944733814394e-30	876.998443
-4.260320942559148e-22	6.323848148440713e-30	-5.901999417408566e+19	877.018157
-4.260341642269301e-22	-1.0360992806405264e-25	1.9688346859298877e+23	877.038269
1.4845064158901384e+20	2.905392167568374e+25	-1.1918990239223604e-08	877.0484
-6.34838870890396e-30	-4.760191882818794e+29	5.924744744291444e-13	877.098754
1.4845088787961846e+20	2.905392167568374e+25	5.924743117988185e-13	877.113739
1.4845088787961846e+20	2.905392167568374e+25	5.924743117988185e-13	877.118682
2.997941805915616e-08	7.799107046390587e+33	5.924746912695789e-13	877.12387
-2109615.5	-3.8597673841711555e-34	-8.419565597090324e-27	877.133758
-1.556620382092588e+26	-4.760186593768333e+29	5.924744744291444e-13	877.143951
-2109615.5	-275442204672.0	-8.419569448950213e-27	877.194396
-2109615.5	-275442204672.0	-8.419569448950213e-27	877.199066
2.9979368321164657e-08	-1.7905871629864123e-07	-1.1918994680115702e-08	877.2044060000001
4.46727770420319e-16	-275441778688.0	-41.691688537597656	877.219299
9.962345652968529e+27	16811686.0	-5.901998537799264e+19	877.2294919999999
-1.0446327310948739e+34	6.32383761601133e-30	1.9688341454979324e+23	877.239532
-4.260328010752859e-22	6.323848148440713e-30	-41.69168472290039	877.314788
6.054285217737747e-36	1.0928882798744155e-11	-1.1918992015580443e-08	877.329956
-0.03143569827079773	7.799094048020174e+33	5.924746912695789e-13	877.340087
4.062971662593451e-28	-275443122176.0	-8.419569448950213e-27	877.3450310000001
-1.0446309979788189e+34	4512841323249664.0	-8.419572530438124e-27	877.3652950000001
-4.260328010752859e-22	-275442434048.0	-41.691688537597656	877.420562
-0.03143579885363579	-4.7601892382935634e+29	-2797881600.0	877.425628
-0.03143579885363579	-4.7601892382935634e+29	-2797881600.0	877.430511
1.4845088787961846e+20	-1.7905861682265822e-07	5.924745828493616e-13	877.450683
6.05431463379511e-36	7.799111379180724e+33	-2797882624.0	877.4558099999999
6.05431463379511e-36	7.799111379180724e+33	-2797882624.0	877.4605710000001
-4.260328010752859e-22	-1.0360992806405264e-25	-41.69169616699219	877.465728
-4.260328010752859e-22	-1.0360992806405264e-25	-41.69169616699219	877.470703
-2109612.25	16811658.0	-41.69167709350586	877.521148
1.4845088787961846e+20	-1.7905861682265822e-07	5.924745828493616e-13	877.531219
1.4845039529840922e+20	-4.760194527344024e+29	2.5239449218934902e-30	877.5412289999999
-6.348409021446342e-30	-4.760191882818794e+29	-2797881600.0	877.5462640000001
-6.348409021446342e-30	-4.760191882818794e+29	-2797881600.0	877.551422
1.4845064158901384e+20	-1.7905861682265822e-07	-1.1918994680115702e-08	877.561248
1.4845088787961846e+20	-1.7905861682265822e-07	5.924745828493616e-13	877.626678
1.4845088787961846e+20	-1.7905861682265822e-07	5.924745828493616e-13	877.631652
4.467263410522205e-16	6.323833102113022e-30	0.012497969903051853	877.636627
-6.348357863932194e-30	-4.760191882818794e+29	6.188694941108605e+25	877.646911
-6.348357863932194e-30	-4.760191882818794e+29	6.188694941108605e+25	877.6519470000001
-4.260328010752859e-22	-275442434048.0	-41.691688537597656	877.661865
6.054275173230355e-36	-1.7905881577462424e-07	2.5239452980516825e-30	877.717285
-6.348409021446342e-30	-4.760191882818794e+29	-2797881600.0	877.727386
-4.26033457407559e-22	16811672.0	-8.41956713783428e-27	877.74234
6.054304589287718e-36	2.905395395748587e+25	-1.385443482832757e+37	877.747467
6.054304589287718e-36	2.905395395748587e+25	-1.385443482832757e+37	877.752441
-6.348409021446342e-30	-4.760191882818794e+29	-2797881600.0	877.7677
2.9979368321164657e-08	1.0928876727211989e-11	-1.1918992015580443e-08	877.8178399999999
2.997951398242549e-08	-4.7601971718692546e+29	-2797881600.0	877.837921
2.997951398242549e-08	-4.7601971718692546e+29	-2797881600.0	877.842834
-1.0446309979788189e+34	-275441975296.0	-8.419569448950213e-27	877.852966
2.997941805915616e-08	-1.7905871629864123e-07	5.924745828493616e-13	877.868011
-1.0446293886567678e+34	-275441975296.0	-41.691688537597656	877.918304
-1.0446293886567678e+34	-275441975296.0	-41.691688537597656	877.92337
9.962362181251219e+27	16811686.0	-41.69167709350586	877.928436
-1.0446309979788189e+34	-3.85976416992879e-34	-8.419565597090324e-27	877.938354
-6.348409021446342e-30	1.0928864584147657e-11	-2797881344.0	877.948608
-6.348409021446342e-30	1.0928864584147657e-11	-2797881344.0	877.953521
1.4845064158901384e+20	-4.760194527344024e+29	-1.1918992903758863e-08	877.963531
-2109615.5	-275442204672.0	-8.419569448950213e-27	878.009429
-2109615.5	-275442204672.0	-8.419569448950213e-27	878.0139770000001
-2109612.25	-275442204672.0	-41.691688537597656	878.01892
1.4845183785766486e+20	-4.760194527344024e+29	1.3212622290877696e+31	878.0289
-1.0446276555407128e+34	6.32383761601133e-30	-5.901999417408566e+19	878.049163
4.467263410522205e-16	4512838102024192.0	0.012497974559664726	878.12445
6.05429526224514e-36	7.799111379180724e+33	5.924746912695789e-13	878.134521
-4.260328010752859e-22	-1.0360992806405264e-25	-41.69169616699219	878.1445610000001
1.4845088787961846e+20	-1.7905861682265822e-07	5.924745828493616e-13	878.159637
1.4845088787961846e+20	-1.7905861682265822e-07	5.924745828493616e-13	878.164672
6.054304589287718e-36	-1.7905881577462424e-07	-1.385444116658057e+37	878.174896
-2109615.5	-275442204672.0	-8.419569448950213e-27	878.225097
-2109608.75	-1.0360984178239113e-25	-5.902000736822519e+19	878.23001
2.997941805915616e-08	7.799107046390587e+33	5.924746912695789e-13	878.245208
2.9979464244433984e-08	-1.7905871629864123e-07	-1.385444116658057e+37	878.250274
-2109602.0	6.323842882226021e-30	-2.6465480704193884e-24	878.260253
-2109602.0	6.323842882226021e-30	-2.6465480704193884e-24	878.265167
1.4845064158901384e+20	-4.760194527344024e+29	-1.1918992903758863e-08	878.270385
-2109612.25	6.323842882226021e-30	-41.69168472290039	878.320556
1.4845111657803704e+20	7.799102713600449e+33	-1.3854443701881771e+37	878.330688
2.9979318583173153e-08	1.0928876727211989e-11	2.523944733814394e-30	878.340637
-2109612.25	-1.0360984178239113e-25	-41.69169616699219	878.350891
1.4845088787961846e+20	1.0928870655679823e-11	5.924744202190357e-13	878.3607480000001
-4.260348710463012e-22	-275442434048.0	3.9760292565915734e-05	878.411163
-4.260348710463012e-22	-275442434048.0	3.9760292565915734e-05	878.416107
-1.0446309979788189e+34	4512841323249664.0	-8.419572530438124e-27	878.4260859999999
-2109615.5	-1.0360984178239113e-25	-8.419570989694168e-27	878.446228
-1.0446309979788189e+34	-1.0360975550072962e-25	-8.419570989694168e-27	878.456359
-6.348378176474576e-30	1.0928864584147657e-11	-1.1918992015580443e-08	878.506561
2.9979368321164657e-08	7.799107046390587e+33	-1.1918996456472541e-08	878.526672
-1.0446309979788189e+34	6.32383761601133e-30	-8.419568678578235e-27	878.5320429999999
4.467284586345886e-16	-1.0360968154501976e-25	-8.419570989694168e-27	878.55191
4.467284586345886e-16	-1.0360968154501976e-25	-8.419570989694168e-27	878.556823
2.997941805915616e-08	-1.7905871629864123e-07	5.924745828493616e-13	878.61734
-6.348378176474576e-30	-1.7905851734667522e-07	-1.1918994680115702e-08	878.627532
-0.03143559396266937	-4.7601892382935634e+29	2.5239449218934902e-30	878.632537
-0.03143559396266937	-4.7601892382935634e+29	2.5239449218934902e-30	878.6373590000001
-141573329256448.0	1.0928888002914583e-11	2.523944733814394e-30	878.642425
1.4845088787961846e+20	-1.2778049885962976e+38	5.924748538999047e-13	878.662628
2.9979368321164657e-08	7.799107046390587e+33	-1.1918996456472541e-08	878.712768
-2109619.0	-1.0360984178239113e-25	1.9688346859298877e+23	878.723175
-0.03143559396266937	-1.2778035688276254e+38	2.523946238447163e-30	878.733093
-1.0446309979788189e+34	-275441975296.0	-8.419569448950213e-27	878.7429500000001
-1.0446293886567678e+34	-1.0360975550072962e-25	-41.69169616699219	878.768066
4.46727770420319e-16	-1.0360968154501976e-25	-41.69169616699219	878.813476
4.46727770420319e-16	-1.0360968154501976e-25	-41.69169616699219	878.8183280000001
2212088774656.0	6.323827835898331e-30	-41.69168472290039	878.828552
-2109605.5	6.323842882226021e-30	0.012497969903051853	878.8385000000001
