45	131	5	1976.390075
59	61	-197	1976.39505
5	136	74	1976.415222
50	42	-66	1976.455261
-22	76	-243	1976.460327
65	65	164	1976.470397
5	118	161	1976.475555
37	114	-167	1976.490509
8	113	181	1976.505401
70	79	-140	1976.520538
20	81	-152	1976.545867
12	98	141	1976.595947
5	62	-143	1976.615844
38	131	167	1976.626037
-5	66	-76	1976.6360770000001
23	135	145	1976.656127
13	57	-136	1976.676452
24	72	177	1976.6913140000001
29	165	149	1976.721405
61	14	-122	1976.731384
9	106	242	1976.751678
72	78	-143	1976.7615660000001
26	193	130	1976.781768
55	26	-58	1976.791809
-60	21	101	1976.816802
71	204	-113	1976.826812
7	189	116	1976.841918
-5	-21	-128	1976.8971860000001
21	186	110	1976.902374
28	109	208	1976.907196
28	104	-163	1976.9173270000001
20	9	-49	1976.9273680000001
6	54	-53	1976.942321
15	17	-109	1976.957427
22	107	-104	1976.982574
-11	109	191	1976.9978019999999
-3	30	77	1977.002563
12	90	-149	1977.00772
-25	51	-35	1977.0226440000001
3	29	119	1977.0330199999999
29	75	172	1977.0630489999999
19	29	-81	1977.06784
1	-20	6	1977.083068
6	140	100	1977.093139
19	73	-132	1977.103057
27	-5	-41	1977.1433710000001
10	131	178	1977.153472
19	21	-59	1977.158416
43	-37	-46	1977.1734000000001
6	144	143	1977.18338
27	22	-50	1977.203552
16	117	167	1977.2135309999999
7	63	-168	1977.223632
2	104	178	1977.243713
33	42	-38	1977.263702
-4	130	146	1977.273956
40	136	-158	1977.288879
16	146	69	1977.308898
24	89	-102	1977.319152
-24	33	-134	1977.344146
56	58	-64	1977.354309
16	72	-19	1977.384368
-7	25	-33	1977.389526
16	126	32	1977.394378
9	30	-110	1977.404418
66	52	-61	1977.444671
1	45	-83	1977.449615
5	34	-19	1977.4646910000001
-27	63	32	1977.484741
-14	61	-188	1977.499847
53	43	-44	1977.509918
0	97	122	1977.52008
17	25	-109	1977.529998
24	83	92	1977.555328
7	47	-125	1977.56018
-19	84	-36	1977.575134
4	93	-157	1977.5953359999999
-5	133	47	1977.61029
6	81	-149	1977.625396
-30	77	92	1977.640502
29	72	-11	1977.650604
24	68	-133	1977.660491
-8	70	51	1977.670501
-22	100	-45	1977.7006529999999
24	72	-170	1977.7162170000001
-17	131	56	1977.735992
-57	112	-124	1977.751068
-16	94	-40	1977.791137
-4	113	89	1977.796173
-14	97	-149	1977.811187
29	94	75	1977.831207
73	45	-14	1977.8464960000001
-37	78	33	1977.8564139999999
12	95	-178	1977.871459
-39	99	-35	1977.8865660000001
68	29	-74	1977.906555
-47	72	24	1977.916809
-16	93	57	1977.921783
-17	36	-68	1977.936737
21	88	57	1977.947052
2	103	29	1977.97705
45	29	-45	1978.032104
-7	99	98	1978.042388
58	82	-47	1978.057189
0	79	-34	1978.092529
16	34	-61	1978.097473
38	78	116	1978.107604
10	80	-111	1978.117645
11	81	117	1978.132537
0	101	33	1978.137634
83	59	-55	1978.147735
38	130	98	1978.167663
-49	-17	78	1978.187744
33	72	-58	1978.2029109999999
-26	35	18	1978.217895
48	65	-15	1978.2329399999999
67	66	-175	1978.238311
10	151	42	1978.2581169999999
-28	128	-160	1978.2732839999999
31	41	44	1978.283203
-6	144	7	1978.318634
-4	118	-164	1978.333312
34	5	74	1978.343505
7	57	-28	1978.368774
-8	66	1	1978.373626
26	78	32	1978.383605
11	-14	-5	1978.398895
-12	67	16	1978.40393
56	76	-131	1978.423828
26	98	-28	1978.443939
41	22	-61	1978.4589230000001
-38	78	15	1978.469177
-5	61	-38	1978.494049
20	49	86	1978.504241
17	103	-112	1978.514282
1	99	58	1978.534393
36	41	-93	1978.544311
23	33	64	1978.584564
-9	92	48	1978.594635
-5	94	-111	1978.609771
-3	100	25	1978.624633
26	108	-48	1978.639831
8	57	-28	1978.649871
25	57	-16	1978.675048
-19	79	45	1978.689941
-21	96	-72	1978.705017
-6	99	84	1978.720153
-20	123	-76	1978.735168
19	48	-14	1978.745208
-44	141	-30	1978.750274
7	-5	89	1978.770324
29	53	50	1978.77536
-33	91	-26	1978.795715
26	165	-48	1978.810577
25	55	-67	1978.820648
28	-4	40	1978.830657
16	103	75	1978.835571
16	-3	7	1978.860931
-4	23	-23	1978.8758229999999
-51	159	-88	1978.9010309999999
85	43	39	1978.91098
50	30	113	1978.926177
71	74	-5	1978.941131
31	28	46	1978.956329
-3	72	35	1978.9664
13	34	-77	1979.011383
14	63	67	1979.0264280000001
2	90	-142	1979.031524
43	62	28	1979.0415950000001
6	51	23	1979.046691
5	49	35	1979.056671
39	22	46	1979.076599
40	94	-67	1979.096771
-21	75	12	1979.111907
32	79	58	1979.121948
23	104	-103	1979.1320190000001
14	119	-100	1979.1622
45	115	-68	1979.192291
-6	22	43	1979.202301
1	63	34	1979.212463
14	109	-26	1979.227355
-20	145	-56	1979.2424919999999
73	75	-101	1979.25241
-28	103	14	1979.272491
87	85	-79	1979.312896
9	96	81	1979.3327629999999
17	112	-69	1979.33786
-30	103	-23	1979.363067
30	28	8	1979.382934
-3	57	19	1979.3980099999999
-3	-3	11	1979.4133299999999
11	36	103	1979.4180900000001
30	53	13	1979.4281919999999
45	95	5	1979.463317
-10	33	29	1979.488525
41	51	-5	1979.493499
47	130	-164	1979.498413
4	105	-112	1979.53366
-119	169	-47	1979.563842
-33	-157	82	1979.568939
45	49	121	1979.6040950000001
3	9	-88	1979.6140129999999
-2	63	19	1979.62915
10	-1	136	1979.664276
-49	101	6	1979.669281
-17	80	-69	1979.674468
-23	93	77	1979.6994009999999
19	63	-71	1979.70932
60	117	-109	1979.714447
4	100	20	1979.734527
25	50	-19	1979.739685
60	138	-67	1979.749633
-4	140	33	1979.764801
33	74	-51	1979.774841
-18	145	58	1979.7896719999999
64	37	-12	1979.799774
85	-54	44	1979.81491
-65	100	-18	1979.824981
56	138	-92	1979.835174
39	-51	59	1979.845123
-48	106	-71	1979.85501
33	78	-101	1979.865051
48	-15	113	1979.875183
14	38	187	1979.880157
45	123	-138	1979.90036
-7	78	40	1979.915313
48	55	-93	1979.925506
-8	95	-3	1979.935546
36	49	-53	1979.955505
-10	146	-55	1979.9657889999999
-55	136	-30	1979.995697
90	118	81	1980.005828
-9	-5	-86	1980.0157159999999
-1	-34	110	1980.030944
17	29	155	1980.0663140000001
11	99	-45	1980.086151
-60	92	35	1980.1011039999999
40	133	-96	1980.111083
5	94	37	1980.126342
49	112	-85	1980.141296
37	69	-48	1980.181427
25	57	85	1980.186553
56	61	-44	1980.201538
-30	136	30	1980.2215879999999
-3	95	-138	1980.2367239999999
-27	110	99	1980.251831
4	105	-104	1980.266845
53	25	6	1980.276855
-33	56	45	1980.2872
8	90	-55	1980.302032
-18	90	43	1980.312042
26	50	-18	1980.322052
46	20	-1	1980.337097
18	68	-143	1980.357543
20	75	-18	1980.3674919999999
-19	116	16	1980.4075619999999
67	52	-41	1980.4174189999999
1	41	-67	1980.42752
8	88	116	1980.437561
14	52	-140	1980.447692
-21	93	-104	1980.472717
23	71	-90	1980.477783
-3	128	-167	1980.487976
53	69	104	1980.492858
-7	80	-41	1980.5179739999999
48	88	141	1980.528106
9	80	-68	1980.5380850000001
-10	70	-102	1980.548004
34	82	106	1980.558166
32	60	-17	1980.568328
-60	130	-113	1980.578155
53	46	-131	1980.603271
50	43	170	1980.61853
17	86	-120	1980.628356
66	13	-146	1980.633392
-33	49	26	1980.6434020000002
-20	78	-98	1980.6585989999999
41	116	-133	1980.703735
28	128	-140	1980.7237850000001
16	47	94	1980.749114
39	89	-73	1980.764038
4	83	-76	1980.7991630000001
25	98	100	1980.839263
66	36	-14	1980.859344
-30	52	35	1980.869445
17	105	-144	1980.879608
9	147	16	1980.894592
-39	50	125	1980.899597
-21	74	-116	1980.914825
-21	125	73	1980.930023
25	73	-118	1980.939727
66	41	23	1980.954772
-17	29	86	1980.964874
29	123	-206	1980.975189
3	125	103	1980.98999
19	46	-103	1980.999969
40	142	139	1981.02008
24	78	-207	1981.035095
42	9	142	1981.045257
26	79	-110	1981.0703429999999
-8	96	-19	1981.085327
46	64	-7	1981.100433
-11	77	-9	1981.105682
-28	78	-56	1981.120574
-14	51	168	1981.140838
-6	70	-107	1981.165649
-13	74	-66	1981.180786
9	49	-128	1981.190887
31	0	-41	1981.1958
5	35	-2	1981.210998
10	94	-146	1981.2210380000001
-8	10	-19	1981.2412709999999
-25	21	-42	1981.256164
-28	53	-52	1981.271392
-43	12	-30	1981.286224
54	60	14	1981.291381
18	178	-166	1981.311401
48	31	-28	1981.33673
68	144	-135	1981.3414910000001
-2	110	27	1981.361602
-8	40	-21	1981.366699
-15	85	-163	1981.376831
-50	40	-137	1981.406707
47	173	-17	1981.4169
43	-4	-9	1981.441894
23	21	47	1981.4569999999999
16	58	18	1981.48706
15	46	55	1981.5172109999999
9	70	-120	1981.5275259999999
21	119	162	1981.5424189999999
36	39	-72	1981.562683
25	151	147	1981.572875
-19	91	-155	1981.587493
30	26	-56	1981.597778
21	75	150	1981.607696
-20	124	-180	1981.6177360000001
47	106	99	1981.637817
-23	105	-148	1981.647796
19	70	102	1981.6678769999999
32	68	-111	1981.6829520000001
-3	29	10	1981.703094
38	163	174	1981.7283320000001
20	137	-158	1981.743316
-6	101	-93	1981.7683710000001
9	80	-136	1981.773498
29	-8	-73	1981.778442
61	115	183	1981.788452
-30	58	-101	1981.798522
-33	62	12	1981.813598
1	86	-51	1981.828521
70	76	240	1981.848693
-15	60	-126	1981.858947
76	102	-123	1981.8638
-31	4	-7	1981.87384
49	95	74	1981.883911
25	29	-120	1981.8989860000001
11	107	86	1981.908905
-1	60	-47	1981.919097
6	51	-144	1981.929077
-26	119	-29	1981.969146
-31	62	-133	1981.98944
19	-11	-21	1982.024414
-20	52	-169	1982.0446160000001
43	100	127	1982.064697
42	86	15	1982.069641
-63	138	-25	1982.124938
82	26	240	1982.129943
-31	150	16	1982.155059
-5	153	34	1982.1853019999999
40	65	-14	1982.19522
53	118	122	1982.220367
-31	106	-133	1982.2303160000001
-12	107	-3	1982.245391
56	11	-77	1982.270507
74	69	88	1982.2855829999999
12	105	116	1982.310607
-10	81	-183	1982.325775
-31	75	-18	1982.335906
9	102	-88	1982.3508299999999
-19	71	77	1982.370971
95	57	194	1982.406097
24	48	-81	1982.421264
57	71	136	1982.436309
-14	51	-145	1982.446441
72	119	56	1982.471343
39	12	-37	1982.486511
100	102	187	1982.501617
86	81	156	1982.531677
-8	20	-132	1982.5420530000001
132	87	153	1982.5617670000001
-102	102	-98	1982.571868
61	2	-76	1982.582031
66	88	175	1982.591888
-27	111	-165	1982.601898
-4	28	-49	1982.611968
-64	93	-133	1982.6320799999999
63	25	-96	1982.642242
55	70	254	1982.65213
-54	168	-207	1982.662261
132	51	175	1982.6872859999999
56	-20	-3	1982.702514
58	115	160	1982.712463
-26	133	-180	1982.722473
32	-30	-21	1982.732452
85	72	65	1982.74765
-32	111	-78	1982.7679130000001
-6	74	-79	1982.787841
43	143	-183	1982.812805
42	-28	9	1982.822998
-46	83	115	1982.833374
91	132	-152	1982.843048
44	2	-30	1982.858428
104	71	236	1982.868316
-82	133	-214	1982.878173
-38	141	-5	1982.893188
-9	137	-80	1982.923339
-50	108	-253	1982.938568
-39	89	-41	1982.953521
-36	53	-109	1982.97351
-9	36	106	1982.988677
103	92	126	1983.023773
20	167	-193	1983.0289
-19	62	27	1983.0489499999999
116	102	190	1983.053924
19	29	-11	1983.069091
80	91	162	1983.084075
-33	100	-62	1983.104217
-27	46	24	1983.109252
-5	64	-178	1983.124114
-29	66	-7	1983.134307
91	101	111	1983.144348
-19	50	-146	1983.154266
66	210	-55	1983.179626
-39	93	-46	1983.194671
12	22	-57	1983.219696
94	194	-13	1983.239776
7	69	-78	1983.254821
-25	19	-108	1983.279907
125	91	69	1983.300079
65	187	-65	1983.305053
1	-26	-52	1983.314971
-115	130	-152	1983.3402700000001
63	92	-9	1983.350128
51	21	78	1983.36029
4	-46	-41	1983.375335
-19	151	-183	1983.400512
-5	61	-5	1983.410461
-16	71	-62	1983.440643
