-4.684345689121017e-10	1.0928399678256095e-11	2.4267752252171704e-09	533.549957
9.919551314230323e-32	2.912878778650689e+25	8.518169907859712e+19	533.585021
7.002148296384678e-41	-1.0339757656912846e-25	8.06434687356882e+26	533.590057
-1.0446396635590939e+34	1.0928534119325484e-11	5.388523461252005e-25	533.600769
-1.044651547783471e+34	2.912858487232208e+25	-1210504.75	533.6203
-3.874837129913201e-34	-4.7724481238937744e+29	3.473979336130193e-36	533.630523
-4.684352905570677e-10	1.0928399678256095e-11	-11460121985024.0	533.650421
-4.684352905570677e-10	1.0928399678256095e-11	-11460121985024.0	533.655334
2.0119118690490723	6.323569791378438e-30	-3.448655330745645e-23	533.665649
-1.0446524143414985e+34	1.0956955828755888e-11	1.72023106870256e-08	533.680694
-1.044654890221577e+34	-4.77242734548125e+29	5.71644882964193e+27	533.7458799999999
-1.0446413966751489e+34	-1.7905310301102872e-07	-0.0025446589570492506	533.76123
2.0119125843048096	2.91277639922108e+25	4.900832641556802e-37	533.776092
-4.684385102038391e-10	-276502249472.0	-6.978087670822437e+23	533.796295
-4.684373999808145e-10	16876358.0	-2.0998912244468704e-12	533.806243
2.0119094848632812	2.9052206128484887e+25	1.201680667154527e+19	533.816192
2.01190447807312	7.798642199905835e+33	-1.2600543142872786e+25	533.826446
2.43227468725189e+24	-1.7951799691218184e-07	3.4739800535950066e-36	533.841461
2.43227468725189e+24	-1.7951799691218184e-07	3.4739800535950066e-36	533.846374
-4.68435124023614e-10	16876358.0	8.064343184220005e+26	533.866455
2.011924982070923	6.323377198384e-30	2.984125527131794e-26	533.896575
2.0119290351867676	-1.790480439467501e-07	-2.444596136697345e-22	533.901733
2.0119175910949707	-1.790480439467501e-07	5.4118910806955355e+34	533.911712
2.0119094848632812	2.9052206128484887e+25	1.201680667154527e+19	533.921936
2.0119118690490723	6.348221694666595e-30	-3.448655330745645e-23	533.931854
2.011930465698242	-4.7722928524838176e+29	3.473979336130193e-36	533.941864
7.012658034867115e-41	16777216.0	-0.0001409213145961985	533.952056
2.011924982070923	16810420.0	2.9841249108342117e-26	533.967071
2.0119290351867676	-6.687406645493874e-16	-2.444594369648917e-22	534.0023189999999
2.0119264125823975	-276495663104.0	4.910392661574153e+37	534.017272
-4.684355126016726e-10	-1.0400858631807707e-25	0.16285818815231323	534.027282
2.011913537979126	16876212.0	8.064343184220005e+26	534.042419
2.01192569732666	2.91277639922108e+25	-1210504.75	534.052703
-4.684364562912435e-10	1.09568213876865e-11	10929224.0	534.072509
2.432248170057284e+24	-1.0400983123919312e-25	-8.456080587299299e+32	534.097656
2.0119199752807617	16876212.0	-1.553136002030442e-07	534.122802
2.0119175910949707	-4.7722928524838176e+29	5.411890090343504e+34	534.137786
-4.684339582894381e-10	-3.874621775674711e-34	-8.456075171311627e+32	534.142883
-4.684368448693021e-10	2.9128227466655653e+25	2.2071388058320377e-21	534.153076
2.011928081512451	-1026.042236328125	-6.978082626790855e+23	534.163146
2.011913537979126	-3.874647030436154e-34	8.064341708480479e+26	534.183197
2.432250187669917e+24	-276505559040.0	-170769.15625	534.19812
2.0119152069091797	-1.040092642454175e-25	0.16285818815231323	534.208221
-1.0446524143414985e+34	1.0928534119325484e-11	1.72023106870256e-08	534.223266
-4.684352905570677e-10	1.0928399678256095e-11	-11460121985024.0	534.238403
2.432246440675027e+24	6.348256301220283e-30	3.6161772120919456e-17	534.243743
2.011913537979126	16876724.0	8.064343184220005e+26	534.253417
2.011924982070923	6.348029101672156e-30	2.984125527131794e-26	534.263488
9.919583052577795e-32	-6.670294462376969e-16	3.4739775424681585e-36	534.273559
2.011918306350708	-275421921280.0	-7.69075908453874e+20	534.288635
-3.874804528312065e-34	-276509130752.0	8.064345397829294e+26	534.303802
-4.684368448693021e-10	7.819049022483435e+33	2.2071402194707798e-21	534.3138730000001
2212133863424.0	1.0928633865925352e-11	8.518171667078316e+19	534.328765
-1.0446456056712824e+34	1.0956955828755888e-11	-11460121985024.0	534.343841
2212119707648.0	1.0957055575355756e-11	2.4267752252171704e-09	534.358917
9.919543085769867e-32	1.095703215658883e-11	-5.1611801101374515e+28	534.368988
-3.874831160605951e-34	7.798896596583908e+33	1.72023195688098e-08	534.384155
2.0119152069091797	-1.0401084196722793e-25	0.16285818815231323	534.409179
-1.0401361530634785e-25	-4.7725010143983825e+29	-2.314353415738845e-15	534.41925
2.011920928955078	2.91277639922108e+25	2.2071388058320377e-21	534.42926
-4.684373999808145e-10	-275428507648.0	-2.099891874968174e-12	534.44461
-1.0446439963492314e+34	-4.77242734548125e+29	2.4267754472617753e-09	534.459381
2212124950528.0	1.0957055575355756e-11	-2.3143532039806083e-15	534.464416
2.0119199752807617	6.348125398169375e-30	-1.5531362862475362e-07	534.474456
2.011924982070923	6.323473494881219e-30	2.984125527131794e-26	534.489593
2.011918306350708	6.348029101672156e-30	-7.690758380851298e+20	534.504669
2.0119152069091797	16876724.0	0.16285811364650726	534.519775
2.0119240283966064	-1.7951370523405785e-07	8.518174305906223e+19	534.53482
-1.0446506812254435e+34	-1.7905310301102872e-07	8.518174305906223e+19	534.545013
2212132028416.0	2.912885004426814e+25	-5.161179165664155e+28	534.575195
2.0119216442108154	16876212.0	-3.1365331775822787e-35	534.585113
2.0119166374206543	4512512758251520.0	3.288895519702392e-29	534.605224
2.0119166374206543	16876212.0	3.2888934132165155e-29	534.615234
2.0119166374206543	16876212.0	3.2888934132165155e-29	534.620208
-4.684373999808145e-10	16876358.0	-2.0998912244468704e-12	534.635284
-4.684385102038391e-10	6.323528413977289e-30	-6.978086950246497e+23	534.645629
-4.684364562912435e-10	2.905266960292974e+25	10929222.0	534.67041
2.011918306350708	6.348221694666595e-30	-7.690758380851298e+20	534.685638
2.0119166374206543	6.348125398169375e-30	3.288894015069623e-29	534.700561
2.0119240283966064	-1.790480439467501e-07	8.518174305906223e+19	534.715728
-3.8748123343292384e-34	-1.777875469585424e+21	5.411886624111394e+34	534.725891
9.919543085769867e-32	-1.795200148535514e-07	-5.161181526847396e+28	534.740997
2.0119166374206543	-1026.042236328125	3.2888922095103e-29	534.756072
7.004950893313328e-41	6.310887241768095e-30	-7.690758380851298e+20	534.766021
2.0119192600250244	-4.759913452090964e+29	10929225.0	534.776123
2.4322620051153393e+24	-276505559040.0	-1.5531364283560833e-07	534.796112
7.004950893313328e-41	-1.0339757656912846e-25	-7.690760491913624e+20	534.806396
-4.684356791351263e-10	1.0928399678256095e-11	-2.3143532039806083e-15	534.816162
2.0119166374206543	-3.8594831533105466e-34	3.288892811363408e-29	534.826354
-4.684366228246972e-10	-3.874680550392252e-34	-1.5531357178133476e-07	534.846496
9.919487837535378e-32	1.0928610447158427e-11	2.4267752252171704e-09	534.871582
2.0119192600250244	2.9052206128484887e+25	10929222.0	534.881469
-4.684379550923268e-10	1.09568213876865e-11	-1210505.0	534.891662
9.919559542690778e-32	1.095703215658883e-11	-1210505.0	534.901947
2.011913537979126	16810676.0	8.064343184220005e+26	534.916687
2.0119199752807617	-275421921280.0	-1.5531364283560833e-07	534.926971
2.43227468725189e+24	-4.772406944858044e+29	3.473979336130193e-36	534.946838
2.0119216442108154	-1030.042236328125	-3.1365320296385767e-35	534.956909
2.0119071006774902	6.323473494881219e-30	3.6161772120919456e-17	534.971954
-4.684337917559844e-10	1.0928399678256095e-11	-5.138896428348546e-31	534.981933
2.43227468725189e+24	1.0956908991222036e-11	3.473978977397786e-36	534.99707
-4.684373999808145e-10	4530281574825984.0	-2.099892742329912e-12	535.012176
2.0119118690490723	6.323473494881219e-30	-3.448655330745645e-23	535.032379
2.011928081512451	16876212.0	-6.978085509094616e+23	535.047546
-4.684352905570677e-10	-4.772368788136862e+29	-11460123033600.0	535.0675650000001
6.999205569609596e-41	-274877906944.0	-8.45607903987425e+32	535.077484
2.011924982070923	-276495663104.0	2.984125835280585e-26	535.102569
-4.684370114027558e-10	-3.874680550392252e-34	-3.1365326036104277e-35	535.117736
2.011911153793335	-6.687406645493874e-16	2.4267743370387507e-09	535.132904
2.0119071006774902	-3.859541928028088e-34	3.6161758886029655e-17	535.137786
2.4322772813252754e+24	-276505559040.0	2.002612948387312e-18	535.157867
9.919567771151234e-32	1.095703215658883e-11	1.72023106870256e-08	535.172973
-4.684334031779258e-10	-1.7905090032854787e-07	-0.0025446589570492506	535.187988
7.004950893313328e-41	6.310887241768095e-30	-7.690758380851298e+20	535.198211
-3.874843558397932e-34	-4.7724481238937744e+29	1.1544276475906372	535.213195
2.0119199752807617	-1.0400768652360705e-25	-1.5531367125731776e-07	535.233367
-4.684368448693021e-10	-1.7905090032854787e-07	2.2071398155739963e-21	535.263519
2.0119333267211914	6.348125398169375e-30	-2.845883872157854e-32	535.273376
2.432263158036844e+24	-4.772406944858044e+29	2.207139411677213e-21	535.328948
-4.684336252225307e-10	6.323528413977289e-30	3.6161772120919456e-17	535.353759
2.0119152069091797	-3.874529481001072e-34	0.16285808384418488	535.363861
7.01069621701706e-41	16777216.0	-6.978085509094616e+23	535.373992
2.432272957869633e+24	2.9128460356799583e+25	-2.4445948745198966e-22	535.383911
2.0119125843048096	-6.670059410734106e-16	4.900831744725785e-37	535.414184
2.4322758401733946e+24	6.348256301220283e-30	-0.00014092134370002896	535.429229
-1.0446506812254435e+34	-1.7951876429833646e-07	8.518174305906223e+19	535.43927
2.0119152069091797	-3.874529481001072e-34	0.16285808384418488	535.44934
2.011923313140869	6.348029101672156e-30	-2.0998916581277394e-12	535.469421
2.011932134628296	2.9052206128484887e+25	5.716447058754499e+27	535.4793999999999
-4.684339582894381e-10	-276502249472.0	-8.45607903987425e+32	535.509613
2.0119142532348633	-4.7722928524838176e+29	-11460123033600.0	535.52481
-4.684385102038391e-10	-1030.0511474609375	-6.978082626790855e+23	535.534851
2.0119199752807617	6.348125398169375e-30	-1.5531362862475362e-07	535.554962
2.0119166374206543	-276499857408.0	3.288894315996177e-29	535.570007
2.432268922644367e+24	1.0956908991222036e-11	-1210505.0	535.585266
7.003969984388301e-41	6.310887241768095e-30	3.288894015069623e-29	535.600067
2.011913537979126	16876212.0	8.064343184220005e+26	535.615142
2.4322452877535225e+24	1.0956908991222036e-11	-0.0025446582585573196	535.625122
-4.684360677131849e-10	2.9128227466655653e+25	5.411888604815457e+34	535.635192
-4.684379550923268e-10	-4.7599893877440084e+29	-1210505.125	535.65039
2.0119152069091797	16876212.0	0.16285811364650726	535.660308
-3.874805905844507e-34	-4.7724481238937744e+29	-11460123033600.0	535.675354
2.432257969890073e+24	-3.87466815260027e-34	3.288892811363408e-29	535.685607
-4.684381216257805e-10	-275428507648.0	4.910392661574153e+37	535.700531
2.0119166374206543	6.323377198384e-30	3.288894015069623e-29	535.71054
2.0119166374206543	6.323377198384e-30	3.288894015069623e-29	535.715759
2.432250187669917e+24	-3.87466815260027e-34	-170769.078125	535.725677
2.4322697873354954e+24	6.323604397932126e-30	4.910392154513913e+37	535.750946
2.011913537979126	16810932.0	8.064343184220005e+26	535.760894
-4.68435124023614e-10	6.348180317265446e-30	8.064344659959531e+26	535.775817
-4.6843584566858e-10	6.348276613762665e-30	3.288894015069623e-29	535.796081
-4.684375665142682e-10	2.9128227466655653e+25	8.518169907859712e+19	535.800964
-4.684373999808145e-10	6.323528413977289e-30	-2.0998916581277394e-12	535.811218
9.919487837535378e-32	2.912878778650689e+25	2.4267747811279605e-09	535.831207
-9.501012198482726e+21	-4.772491191876098e+29	5.411890090343504e+34	535.846405
2.432264887419101e+24	-4.76002754446519e+29	-5.1611805823741e+28	535.866333
2.0119199752807617	6.323473494881219e-30	-1.5531362862475362e-07	535.8763730000001
2.4322640227279724e+24	16876560.0	-3.1365331775822787e-35	535.906524
2.432264887419101e+24	-4.76002754446519e+29	-5.1611805823741e+28	535.921569
7.003129205309706e-41	-274877906944.0	0.16285815834999084	535.931762
2.432246440675027e+24	16876560.0	3.6161765503474555e-17	535.946868
2.011918306350708	-3.874647030436154e-34	-7.690755566101531e+20	535.956787
-4.684360677131849e-10	2.9128227466655653e+25	5.411888604815457e+34	535.961822
2.01192569732666	1.092822533854676e-11	-1210505.0	535.971984
2.01192569732666	1.092822533854676e-11	-1210505.0	535.977081
2.432261140424211e+24	-1.790523356248741e-07	10929227.0	535.986938
-4.684362342466386e-10	6.348276613762665e-30	-7.690758380851298e+20	536.001953
-4.684362342466386e-10	6.348276613762665e-30	-7.690758380851298e+20	536.007019
2.0119223594665527	1.092822533854676e-11	-5.1611801101374515e+28	536.0271299999999
2.0119166374206543	-276499857408.0	3.288894315996177e-29	536.042358
-1.044644739113255e+34	2.912858487232208e+25	4.900832641556802e-37	536.062316
-4.684364562912435e-10	2.9128227466655653e+25	10929222.0	536.097442
-4.684366228246972e-10	-276502249472.0	-1.5531364283560833e-07	536.107666
2.432264887419101e+24	-1.790523356248741e-07	-5.161181526847396e+28	536.127593
-3.874821517878854e-34	1.0928581824221073e-11	-5.1611801101374515e+28	536.132781
2.0119223594665527	1.0956647047977164e-11	-5.1611801101374515e+28	536.142883
2.432259987502706e+24	6.348256301220283e-30	-7.690758380851298e+20	536.157958
-4.260397682948008e-22	-1.7952078223970602e-07	-2.3143538392553188e-15	536.162841
2.011918306350708	16876468.0	-7.690756973476415e+20	536.177947
2.432263158036844e+24	-4.76002754446519e+29	2.207139411677213e-21	536.187927
2.011918306350708	16810420.0	-7.690756973476415e+20	536.192962
-1.044648205345365e+34	-1.7951876429833646e-07	10929227.0	536.203125
2.011918306350708	16876468.0	-7.690756973476415e+20	536.223083
-4.684362342466386e-10	-3.859575447984185e-34	-7.690755566101531e+20	536.243133
2.0119199752807617	6.348221694666595e-30	-1.5531362862475362e-07	536.258483
-4.684362342466386e-10	6.348180317265446e-30	-7.690758380851298e+20	536.273498
2.011923313140869	-1.0360221201832345e-25	-2.099892308649043e-12	536.30371
-1.0446439963492314e+34	-4.760047945088396e+29	2.4267754472617753e-09	536.333709
-4.684356791351263e-10	-4.7599893877440084e+29	-2.314353415738845e-15	536.353729
2.0119216442108154	-276504051712.0	-3.136534038540055e-35	536.368957
2.432263158036844e+24	1.0956908991222036e-11	2.207139209728821e-21	536.38385
2.0119152069091797	16810676.0	0.16285811364650726	536.404144
2.0119152069091797	16810676.0	0.16285811364650726	536.409027
-1.0446519191654828e+34	-276507328512.0	4.910392661574153e+37	536.424102
-3.8748187628139695e-34	1.0957003533651477e-11	2.207139209728821e-21	536.439178
-3.874799936537257e-34	-1.7905388460803806e-07	2.426775891350985e-09	536.454315
2.011918306350708	6.323377198384e-30	-7.690758380851298e+20	536.494537
2.011918306350708	6.323377198384e-30	-7.690758380851298e+20	536.499664
-4.684345689121017e-10	-1.7905090032854787e-07	2.426775891350985e-09	536.514556
9.919536032803762e-32	-6.687641697136737e-16	2.207138401935254e-21	536.529663
2.0119216442108154	-276499857408.0	-3.136534038540055e-35	536.544677
-4.684356791351263e-10	-4.772368788136862e+29	-2.314353415738845e-15	536.574981
-4.684356791351263e-10	-4.772368788136862e+29	-2.314353415738845e-15	536.579895
2.0119264125823975	6.348221694666595e-30	4.910392154513913e+37	536.589935
2.432268922644367e+24	0.0029412228614091873	-1210505.875	536.600097
2.0119166374206543	-1.040061088017966e-25	3.2888949178492845e-29	536.605072
-4.684339582894381e-10	6.323528413977289e-30	-8.456078266161725e+32	536.615112
2.0119118690490723	6.348125398169375e-30	-3.448655330745645e-23	536.625061
9.91957599961169e-32	7.819199432198208e+33	-2.4445966415683242e-22	536.645202
2.432259122811578e+24	1.0956908991222036e-11	5.411889595167488e+34	536.660369
2.0119102001190186	6.348029101672156e-30	-170769.140625	536.670318
2.432263158036844e+24	-1.7951799691218184e-07	2.2071398155739963e-21	536.685394
-4.684381216257805e-10	16876358.0	4.910391140393433e+37	536.710479
7.001167387459651e-41	-1.0339757656912846e-25	-3.4486562773787314e-23	536.715545
2.011908531188965	6.323377198384e-30	-8.456078266161725e+32	536.725921
2.011908531188965	6.323377198384e-30	-8.456078266161725e+32	536.730621
2.0119192600250244	2.91277639922108e+25	10929222.0	536.740661
2.0119290351867676	-1.7951370523405785e-07	-2.444596136697345e-22	536.760894
2.011913537979126	16875956.0	8.064343184220005e+26	536.780914
2.011908531188965	-275421921280.0	-8.45607903987425e+32	536.791076
-3.874834374848316e-34	-4.7724481238937744e+29	-2.4445956318263656e-22	536.810943
9.919511347422395e-32	1.095703215658883e-11	-2.3143532039806083e-15	536.821136
2.011911153793335	1.092822533854676e-11	2.4267752252171704e-09	536.841125
2.011928081512451	6.348125398169375e-30	-6.978086950246497e+23	536.871215
2.011906147003174	2.91277639922108e+25	-0.0025446577928960323	536.876281
2.0119102001190186	16810420.0	-170769.109375	536.89154
2.011929750442505	-276499857408.0	9916459008.0	536.906433
2.01192569732666	2.91277639922108e+25	-1210504.75	536.916503
-4.684343468674967e-10	-276502249472.0	-170769.15625	536.93161
-4.684356791351263e-10	1.0928399678256095e-11	-2.3143532039806083e-15	536.951721
2.43227468725189e+24	-4.76002754446519e+29	3.473979336130193e-36	536.957031
2.0119290351867676	1.0956647047977164e-11	-2.444595379390876e-22	536.966766
-1.0446473387873374e+34	-4.77242734548125e+29	5.411890090343504e+34	536.976898
-3.874796722294892e-34	-4.7724481238937744e+29	1.2016809970080154e+19	536.992004
2.011908531188965	-3.874588255718613e-34	-8.456075171311627e+32	537.001922
7.012658034867115e-41	16777216.0	-0.0001409213145961985	537.022277
2.01190447807312	-4.7722928524838176e+29	-1.2600538531186767e+25	537.052337
-4.684364562912435e-10	2.905266960292974e+25	10929222.0	537.0574340000001
2.011930465698242	2.9052206128484887e+25	3.473978259932972e-36	537.072265
-4.684345689121017e-10	2.9128227466655653e+25	2.4267747811279605e-09	537.087463
-1.0446413966751489e+34	1.0956955828755888e-11	-0.0025446582585573196	537.1026
2.0119264125823975	-3.874529481001072e-34	4.910390126272953e+37	537.12265
2.011932134628296	-1.7951370523405785e-07	5.716450010233551e+27	537.127563
2.0119192600250244	-4.7722928524838176e+29	10929225.0	537.137695
2.43225220528255e+24	-276505559040.0	-3.448655646290007e-23	537.1577139999999
2.011923313140869	-3.874588255718613e-34	-2.0998907907660014e-12	537.1677549999999
-1.044653280899526e+34	1.0928534119325484e-11	-2.444595379390876e-22	537.177856
2.0119199752807617	-1.040092642454175e-25	-1.5531367125731776e-07	537.218261
-4.684379550923268e-10	2.9128227466655653e+25	-1210504.75	537.227996
2.0119142532348633	-4.759913452090964e+29	-11460123033600.0	537.248443
2.0119071006774902	6.348221694666595e-30	3.6161772120919456e-17	537.263183
2.432270940257e+24	1.0956908991222036e-11	1.72023106870256e-08	537.278228
2.0119264125823975	-275426115584.0	4.910392661574153e+37	537.293304
-1.044644739113255e+34	1.0956955828755888e-11	4.900833538387819e-37	537.318572
2.432266905031734e+24	2.9128460356799583e+25	8.518169907859712e+19	537.328491
2.43225220528255e+24	-276505559040.0	-3.448655646290007e-23	537.373687
2.0119166374206543	-276504051712.0	3.288894315996177e-29	537.378997
2.011920928955078	-6.687406645493874e-16	2.207138401935254e-21	537.388824
2.011920928955078	-6.687406645493874e-16	2.207138401935254e-21	537.393951
2.0119223594665527	-4.759913452090964e+29	-5.1611805823741e+28	537.403839
-4.684355126016726e-10	-1.040101640398875e-25	0.16285818815231323	537.429046
-4.684355126016726e-10	-1.040101640398875e-25	0.16285818815231323	537.43402
2.01192569732666	-6.687406645493874e-16	-1210504.5	537.454132
2.432264887419101e+24	1.0928487281791632e-11	-5.1611801101374515e+28	537.464324
-4.684355126016726e-10	-276502249472.0	0.16285815834999084	537.479461
2.011920928955078	1.0956647047977164e-11	2.207139209728821e-21	537.499481
2.0119216442108154	-275421921280.0	-3.136534038540055e-35	537.509552
7.004950893313328e-41	6.310887241768095e-30	-7.690758380851298e+20	537.559661
2.011913537979126	-275430309888.0	8.064345397829294e+26	537.574859
-1.044648205345365e+34	1.0956955828755888e-11	10929224.0	537.599822
2.0119152069091797	-276495663104.0	0.16285815834999084	537.610046
2.0119216442108154	6.323569791378438e-30	-3.1365337515541297e-35	537.620056
-4.684368448693021e-10	-4.772368788136862e+29	2.207139411677213e-21	537.629974
-3.874815548571604e-34	7.81917900618756e+33	10929229.0	537.650115
-4.684368448693021e-10	2.905266960292974e+25	2.2071388058320377e-21	537.680267
-3.874821517878854e-34	2.9128711693687588e+25	-5.161179165664155e+28	537.695281
2.0119264125823975	-1.0400768652360705e-25	4.910393675694633e+37	537.740814
2.011924982070923	-3.874647030436154e-34	2.9841242945366295e-26	537.75064
2.0119166374206543	16876468.0	3.2888934132165155e-29	537.7606499999999
9.919559542690778e-32	-4.772460590941289e+29	-1210505.125	537.810852
2.011911153793335	-4.7722928524838176e+29	2.4267754472617753e-09	537.821075
9.919487837535378e-32	1.0928610447158427e-11	2.4267752252171704e-09	537.836151
2.432259122811578e+24	-4.76002754446519e+29	5.411890090343504e+34	537.841033
2.0119166374206543	16876212.0	3.2888934132165155e-29	537.871398
9.919479609074922e-32	2.9053229922780977e+25	1.201680667154527e+19	537.881286
2.011923313140869	6.348125398169375e-30	-2.0998916581277394e-12	537.906402
-4.260421916755016e-22	1.0957078994122682e-11	1.72023106870256e-08	537.916412
2.011913537979126	6.323377198384e-30	8.064344659959531e+26	537.936737
-1.044649814667416e+34	-6.67024787556487e-16	-5.161178221190858e+28	537.956573
-4.684339582894381e-10	-1.036046895346039e-25	-8.456080587299299e+32	537.996887
-3.874831160605951e-34	-4.7724481238937744e+29	1.720231246338244e-08	538.016967
-1.0446511764014592e+34	6.348296926305047e-30	2.984125527131794e-26	538.022125
-1.0446511764014592e+34	6.348296926305047e-30	2.984125527131794e-26	538.027008
-4.684347354455554e-10	2.355697905263785e-38	-3.4486531219351105e-23	538.052062
-3.874831160605951e-34	1.0957003533651477e-11	1.72023106870256e-08	538.067352
2.0119216442108154	-276508246016.0	-3.136534038540055e-35	538.082244
-1.0446413966751489e+34	2.9053027008596167e+25	-0.0025446577928960323	538.107513
-4.684347354455554e-10	16810822.0	-3.448654699656921e-23	538.112487
2.011913537979126	6.348125398169375e-30	8.064344659959531e+26	538.1427
2.011913537979126	6.348125398169375e-30	8.064344659959531e+26	538.147552
2.4322530699736786e+24	-6.670219288202901e-16	4.900831744725785e-37	538.16278
-1.0446490719033924e+34	2.912858487232208e+25	2.2071388058320377e-21	538.192932
2.0119118690490723	16810676.0	-3.448654699656921e-23	538.21289
-3.8748123343292384e-34	1.0957003533651477e-11	5.411889595167488e+34	538.243041
-3.8748123343292384e-34	1.0957003533651477e-11	5.411889595167488e+34	538.247985
2.0119118690490723	16810420.0	-3.448654699656921e-23	538.263183
2.0119166374206543	-1.036037897401339e-25	3.2888949178492845e-29	538.273254
2.0119142532348633	-4.759913452090964e+29	-11460123033600.0	538.303527
2.0119118690490723	-1.036037897401339e-25	-3.4486562773787314e-23	538.318389
-4.684373999808145e-10	6.348180317265446e-30	-2.0998916581277394e-12	538.338592
-4.684349019790091e-10	-1.795165616158556e-07	4.900834883634345e-37	538.378631
2.432270940257e+24	1.0956908991222036e-11	1.72023106870256e-08	538.393707
2.432270940257e+24	1.0956908991222036e-11	1.72023106870256e-08	538.398803
2.011908531188965	16810420.0	-8.456076718736676e+32	538.418884
7.001167387459651e-41	6.310887241768095e-30	-3.448655330745645e-23	538.464263
7.005931802238355e-41	6.310887241768095e-30	-1.5531362862475362e-07	538.5195
-4.684337917559844e-10	-4.772368788136862e+29	-5.138896898546286e-31	538.524383
2.0119166374206543	-1.040092642454175e-25	3.2888949178492845e-29	538.54956
2.011932611465454	6.348029101672156e-30	2.0026127415921587e-18	538.554718
2.0119094848632812	7.798642199905835e+33	1.2016814368126665e+19	538.574615
2.432272957869633e+24	-4.772406944858044e+29	-2.4445956318263656e-22	538.604766
2.0119142532348633	1.092822533854676e-11	-11460121985024.0	538.629974
-4.684330145998672e-10	2.9128227466655653e+25	-1.2600535072422253e+25	538.634948
2.432250187669917e+24	16876560.0	-170769.109375	538.650146
2.43227468725189e+24	-6.670219288202901e-16	3.4739775424681585e-36	538.665161
-4.68434180334043e-10	-6.670165819248105e-16	1.2016804472522015e+19	538.690246
2.011932611465454	16876212.0	2.0026123280018524e-18	538.720275
2.0119102001190186	-276495663104.0	-170769.15625	538.740478
2.432244423062394e+24	-3.87466815260027e-34	179064356864.0	538.750732
-4.684383436703854e-10	-4.7599893877440084e+29	1.720231246338244e-08	538.775695
-4.684373999808145e-10	6.348180317265446e-30	-2.0998916581277394e-12	538.785827
2.432250187669917e+24	16876560.0	-170769.109375	538.805877
2.0119264125823975	6.323473494881219e-30	4.910392154513913e+37	538.826019
2.0119166374206543	-276495663104.0	3.288894315996177e-29	538.871185
2.011929750442505	16810676.0	9916455936.0	538.881286
2.0119152069091797	16876212.0	0.16285811364650726	538.921356
-4.684379550923268e-10	1.09568213876865e-11	-1210505.0	538.926361
2.011929750442505	6.323377198384e-30	9916457984.0	538.941497
2.011923313140869	-276495663104.0	-2.099891874968174e-12	538.951568
9.91950311896194e-32	-1.795200148535514e-07	-11460125130752.0	538.966583
7.004950893313328e-41	-3.851859888774472e-34	-7.690755566101531e+20	538.981628
2.0119240283966064	1.092822533854676e-11	8.518171667078316e+19	538.996734
-4.68435124023614e-10	-3.874621775674711e-34	8.064341708480479e+26	539.011901
2.0119216442108154	-3.859541928028088e-34	-3.1365326036104277e-35	539.046966
2.0119216442108154	-3.859541928028088e-34	-3.1365326036104277e-35	539.051971
2.0119166374206543	-275426115584.0	3.288894315996177e-29	539.097198
2.011920928955078	7.798642199905835e+33	2.2071402194707798e-21	539.112304
2212123115520.0	-6.687655990817722e-16	-11460117790720.0	539.12738
-4.684368448693021e-10	2.9128227466655653e+25	2.2071388058320377e-21	539.137359
9.919536032803762e-32	-1.795200148535514e-07	2.2071398155739963e-21	539.177642
-4.684368448693021e-10	1.09568213876865e-11	2.207139209728821e-21	539.247985
-1.044648205345365e+34	-4.760047945088396e+29	10929225.0	539.257995
2.011920928955078	-1.7951370523405785e-07	2.2071398155739963e-21	539.278167
-1.044648205345365e+34	-1.7951876429833646e-07	10929227.0	539.288208
2.0119118690490723	6.323377198384e-30	-3.448655330745645e-23	539.328338
2212132028416.0	1.0957055575355756e-11	-5.1611801101374515e+28	539.343444
2.4322550875863117e+24	-1.790523356248741e-07	-11460125130752.0	539.378631
-3.874821517878854e-34	1.0957003533651477e-11	-5.1611801101374515e+28	539.449066
-3.874821517878854e-34	1.0957003533651477e-11	-5.1611801101374515e+28	539.453979
-3.874802691602142e-34	-6.670276992322432e-16	4.900831744725785e-37	539.4841
9.919539559286814e-32	16876844.0	-3.1365331775822787e-35	539.509307
-1.0446473387873374e+34	2.912858487232208e+25	5.411888604815457e+34	539.519317
-4.684345689121017e-10	7.819049022483435e+33	2.426776335440195e-09	539.534454
2.0119223594665527	-4.7722928524838176e+29	-5.1611805823741e+28	539.54953
-4.684381216257805e-10	16876614.0	4.910391140393433e+37	539.564605
2.4322493229787887e+24	-4.76002754446519e+29	1.2016809970080154e+19	539.584594
2.432248170057284e+24	-275431817216.0	-8.45607903987425e+32	539.59497
2.0119078159332275	-4.759913452090964e+29	-5.138896898546286e-31	539.639831
-4.684381216257805e-10	-1.0400858631807707e-25	4.910393675694633e+37	539.670135
-4.684381216257805e-10	-1.0400858631807707e-25	4.910393675694633e+37	539.675048
-4.684364562912435e-10	1.0928399678256095e-11	10929224.0	539.700195
-4.684379550923268e-10	1.0928399678256095e-11	-1210505.0	539.710357
-1.0446540236635496e+34	-4.77242734548125e+29	3.473979336130193e-36	539.720306
2.432259987502706e+24	16876560.0	-7.690756973476415e+20	539.730529
-1.0446490719033924e+34	2.912858487232208e+25	2.2071388058320377e-21	539.780609
-1.0446490719033924e+34	2.912858487232208e+25	2.2071388058320377e-21	539.785522
2.0119094848632812	0.002933523152023554	1.201681656714992e+19	539.800659
2.0119166374206543	16810420.0	3.2888934132165155e-29	539.810699
2.011918306350708	-1.040061088017966e-25	-7.690760491913624e+20	539.845855
2.0119071006774902	-1.040061088017966e-25	3.6161782047086806e-17	539.85086
7.008874529013438e-41	6.310887241768095e-30	2.984125527131794e-26	539.871124
2.432272957869633e+24	-4.772406944858044e+29	-2.4445956318263656e-22	539.886138
2.011908531188965	-1030.026611328125	-8.456073623886578e+32	539.901123
2.011908531188965	-1030.026611328125	-8.456073623886578e+32	539.906158
-4.684360677131849e-10	-4.772368788136862e+29	5.411890090343504e+34	539.9263
2.4322758401733946e+24	-276505559040.0	-0.00014092135825194418	539.93637
-4.684385102038391e-10	-1.0400858631807707e-25	-6.978089111974318e+23	539.981506
-4.684385102038391e-10	-1.0400858631807707e-25	-6.978089111974318e+23	539.986663
2.011902093887329	-1030.026611328125	-3.791834554678353e-11	540.011657
-4.684388987818977e-10	6.348180317265446e-30	9916457984.0	540.046813
2.0119125843048096	-4.7722928524838176e+29	4.900833986803328e-37	540.061981
2.0119142532348633	-4.759913452090964e+29	-11460123033600.0	540.112213
2.011911153793335	1.092822533854676e-11	2.4267752252171704e-09	540.137268
-1.0446540236635496e+34	1.0956955828755888e-11	3.473978977397786e-36	540.152618
-4.684352905570677e-10	1.09568213876865e-11	-11460121985024.0	540.182647
2.0119264125823975	-275421921280.0	4.910392661574153e+37	540.202606
2.011915922164917	1.0956647047977164e-11	-2.3143532039806083e-15	540.227752
2.011908531188965	-276495663104.0	-8.45607903987425e+32	540.29309
2.432261140424211e+24	1.0956908991222036e-11	10929224.0	540.308135
7.013779073638574e-41	-274877906944.0	-2.8458841660314417e-32	540.313415
7.008874529013438e-41	16777216.0	2.9841249108342117e-26	540.328216
-4.684349019790091e-10	2.9128227466655653e+25	4.900832641556802e-37	540.34848
2.0119166374206543	6.348029101672156e-30	3.288894015069623e-29	540.383422
2.0119102001190186	-3.874588255718613e-34	-170769.078125	540.398559
2.43225220528255e+24	-276505559040.0	-3.448655646290007e-23	540.408721
9.919479609074922e-32	7.819199432198208e+33	1.2016814368126665e+19	540.458831
7.008874529013438e-41	16777216.0	2.9841249108342117e-26	540.47409
2.0119166374206543	16875956.0	3.2888934132165155e-29	540.494018
2.0119166374206543	16875956.0	3.2888934132165155e-29	540.499023
2212119707648.0	-1.795203985466287e-07	2.426775891350985e-09	540.504089
2212119707648.0	-1.795203985466287e-07	2.426775891350985e-09	540.509246
7.00789362008841e-41	-274877906944.0	-2.099891874968174e-12	540.5242
-4.684377885588731e-10	-275432701952.0	2.984125835280585e-26	540.539215
-4.684355126016726e-10	-3.874621775674711e-34	0.16285808384418488	540.609771
9.919527804343306e-32	-4.760081190548435e+29	10929225.0	540.649841
-4.684360677131849e-10	-4.772368788136862e+29	5.411890090343504e+34	540.654846
2.432259987502706e+24	-276505559040.0	-7.69075908453874e+20	540.685058
-4.684373999808145e-10	-3.859575447984185e-34	-2.0998907907660014e-12	540.700073
-3.874810497619315e-34	-3.8747182029456765e-34	3.288892811363408e-29	540.725097
2.0119166374206543	-276504051712.0	3.288894315996177e-29	540.7854609999999
2.0119166374206543	-276504051712.0	3.288894315996177e-29	540.790405
2.4322660403406055e+24	-276505559040.0	-2.099891874968174e-12	540.845794
2.4322660403406055e+24	-276505559040.0	-2.099891874968174e-12	540.850738
2.432257969890073e+24	-1026.0634765625	3.2888922095103e-29	540.860809
2.432257969890073e+24	-1.0400983123919312e-25	3.2888949178492845e-29	540.876037
-4.684362342466386e-10	-276506443776.0	-7.69075908453874e+20	540.895996
9.919527804343306e-32	1.0928610447158427e-11	10929224.0	540.921112
2.0119216442108154	16810420.0	-3.1365331775822787e-35	540.961334
-1.044648205345365e+34	-6.687595110324638e-16	10929220.0	540.986572
9.919543085769867e-32	1.095703215658883e-11	-5.1611801101374515e+28	541.006652
2.0119152069091797	6.323377198384e-30	0.16285814344882965	541.01654
2.0119152069091797	6.323377198384e-30	0.16285814344882965	541.021606
-3.87482473212122e-34	-1.795195458953458e-07	8.518174305906223e+19	541.046722
-4.684360677131849e-10	1.0928399678256095e-11	5.411889595167488e+34	541.071868
2.0119142532348633	2.91277639922108e+25	-11460119887872.0	541.086944
2.0119152069091797	16875956.0	0.16285811364650726	541.1171870000001
2.011913537979126	-275421921280.0	8.064345397829294e+26	541.1273189999999
2.011923313140869	-1.0400768652360705e-25	-2.099892308649043e-12	541.147186
-3.874815548571604e-34	-1.795195458953458e-07	10929227.0	541.172332
2.011908531188965	6.348029101672156e-30	-8.456078266161725e+32	541.182403
7.003129205309706e-41	16777216.0	0.16285811364650726	541.192596
2.4322697873354954e+24	-3.87466815260027e-34	4.910390126272953e+37	541.212493
2.432259122811578e+24	7.819111538455419e+33	5.411892071047567e+34	541.247711
2.0119264125823975	6.348125398169375e-30	4.910392154513913e+37	541.262878
-4.684345689121017e-10	-4.772368788136862e+29	2.4267754472617753e-09	541.287933
2.0119152069091797	16810420.0	0.16285811364650726	541.297973
-1.0446524143414985e+34	1.0956955828755888e-11	1.72023106870256e-08	541.318359
-1.0446524143414985e+34	1.0956955828755888e-11	1.72023106870256e-08	541.323303
-4.684337917559844e-10	1.0928399678256095e-11	-5.138896428348546e-31	541.348236
-4.684385102038391e-10	-276502249472.0	-6.978087670822437e+23	541.368286
7.001167387459651e-41	16777216.0	-3.448654699656921e-23	541.393524
2.0119028091430664	-1.7951370523405785e-07	5.388524940366202e-25	541.453857
2.0119102001190186	16875956.0	-170769.109375	541.458892
2.0119102001190186	-276499857408.0	-170769.15625	541.503906
2.0119199752807617	-276495663104.0	-1.5531364283560833e-07	541.519287
2.0119199752807617	-276495663104.0	-1.5531364283560833e-07	541.5242
-4.684392873599563e-10	-1.0400858631807707e-25	-0.00014092138735577464	541.529083
2.0119152069091797	1.7040360866086356e-21	0.162858247756958	541.549102
2.0119314193725586	6.323473494881219e-30	-0.00014092134370002896	541.579284
-1.0446562519556203e+34	1.0956955828755888e-11	-1.640540188505707e-14	541.589508
7.006912711163383e-41	6.310887241768095e-30	-3.1365337515541297e-35	541.629516
2.011915922164917	1.0956647047977164e-11	-2.3143532039806083e-15	541.684997
2.011930465698242	-4.759913452090964e+29	3.473979336130193e-36	541.68991
2.432259122811578e+24	1.0956908991222036e-11	5.411889595167488e+34	541.70993
-4.684375665142682e-10	1.09568213876865e-11	8.518171667078316e+19	541.745269
-3.874834374848316e-34	7.81917900618756e+33	-2.4445966415683242e-22	541.755157
-1.0446439963492314e+34	-4.77242734548125e+29	2.4267754472617753e-09	541.770233
2.011927366256714	2.9052206128484887e+25	1.7202307134311923e-08	541.805389
-3.874802691602142e-34	-1.795195458953458e-07	4.900834883634345e-37	541.820495
-4.68434180334043e-10	-4.772368788136862e+29	1.2016809970080154e+19	541.83551
2.011918306350708	1.6974186417082114e-21	-7.690763306663391e+20	541.845764
-1.0446439963492314e+34	-4.77242734548125e+29	2.4267754472617753e-09	541.895843
-4.684383436703854e-10	1.0928399678256095e-11	1.72023106870256e-08	541.915893
2.0119118690490723	6.348125398169375e-30	-3.448655330745645e-23	541.935974
-1.0446490719033924e+34	7.81914496283648e+33	2.2071402194707798e-21	541.956115
2.0119223594665527	-4.7722928524838176e+29	-5.1611805823741e+28	541.976409
7.005931802238355e-41	-274877906944.0	-1.5531364283560833e-07	541.986297
2.011913537979126	16876212.0	8.064343184220005e+26	541.996368
9.91950311896194e-32	2.912878778650689e+25	-11460119887872.0	542.0065
2.011913537979126	-1.0400768652360705e-25	8.06434687356882e+26	542.0418090000001
2.0119199752807617	-1.0400768652360705e-25	-1.5531367125731776e-07	542.066589
2.432264887419101e+24	1.0928487281791632e-11	-5.1611801101374515e+28	542.086914
2.0119152069091797	-1026.026611328125	0.1628580540418625	542.091827
2.0119152069091797	-1026.026611328125	0.1628580540418625	542.096771
7.009715308092032e-41	6.310887241768095e-30	4.910392154513913e+37	542.122039
2.011920928955078	-6.687406645493874e-16	2.207138401935254e-21	542.142211
2.432257969890073e+24	16811024.0	3.2888934132165155e-29	542.197235
-4.684362342466386e-10	6.348180317265446e-30	-7.690758380851298e+20	542.222442
2.011920928955078	2.91277639922108e+25	2.2071388058320377e-21	542.237609
2212130455552.0	-1.7905473725932097e-07	2.2071398155739963e-21	542.242675
2212130455552.0	-1.7905473725932097e-07	2.2071398155739963e-21	542.247528
-3.874809120086873e-34	1.0928581824221073e-11	-2.3143532039806083e-15	542.252593
-9.501012198482726e+21	0.002941274782642722	5.411893061399598e+34	542.272827
-4.684366228246972e-10	-275432701952.0	-1.5531364283560833e-07	542.302947
2.011918306350708	-276495663104.0	-7.69075908453874e+20	542.312835
-9.501020079782074e+21	-1.7952116593278333e-07	10929227.0	542.322998
-4.26041131446445e-22	-1.7905512095239828e-07	-5.161181526847396e+28	542.353088
2.0119166374206543	6.323569791378438e-30	3.288894015069623e-29	542.368316
2.432263158036844e+24	7.798829128851767e+33	2.2071402194707798e-21	542.408325
2212126785536.0	1.0957055575355756e-11	5.411889595167488e+34	542.433654
2212126785536.0	1.0957055575355756e-11	5.411889595167488e+34	542.438446
2.432257105198945e+24	2.9128460356799583e+25	-2.3143527804641347e-15	542.448547
2.011918306350708	6.348125398169375e-30	-7.690758380851298e+20	542.503784
2.4322562405078163e+24	6.323604397932126e-30	0.16285814344882965	542.518798
2.432266905031734e+24	-4.76002754446519e+29	8.518172546687618e+19	542.528991
2.4322562405078163e+24	6.348256301220283e-30	0.16285814344882965	542.54898
-1.04464647222931e+34	1.0956955828755888e-11	-2.3143532039806083e-15	542.553985
-4.684349019790091e-10	-4.7599893877440084e+29	4.900833986803328e-37	542.569152
9.919536032803762e-32	-4.760081190548435e+29	2.207139411677213e-21	542.574188
-4.684373999808145e-10	16876614.0	-2.0998912244468704e-12	542.59439
-4.684373999808145e-10	16876614.0	-2.0998912244468704e-12	542.599182
-1.0446468436113217e+34	-3.874692948184233e-34	3.288892811363408e-29	542.604736
-4.684370114027558e-10	-1.040101640398875e-25	-3.136534612511906e-35	542.649444
-4.684366228246972e-10	6.348276613762665e-30	-1.5531362862475362e-07	542.654541
2.432259122811578e+24	-1.790523356248741e-07	5.4118910806955355e+34	542.6696469999999
-4.684366228246972e-10	6.348276613762665e-30	-1.5531362862475362e-07	542.704803
-4.684366228246972e-10	6.348276613762665e-30	-1.5531362862475362e-07	542.709808
-4.684352905570677e-10	1.09568213876865e-11	-11460121985024.0	542.719818
2.0119199752807617	-276499857408.0	-1.5531364283560833e-07	542.749908
-4.2604148485613055e-22	2.912891230202939e+25	8.518169907859712e+19	542.755187
2.0119216442108154	16876468.0	-3.1365331775822787e-35	542.815277
-4.684356791351263e-10	1.0928399678256095e-11	-2.3143532039806083e-15	542.830291
-4.684360677131849e-10	1.0928399678256095e-11	5.411889595167488e+34	542.84552
-1.044649814667416e+34	-4.77242734548125e+29	-5.1611805823741e+28	542.855651
2.011928081512451	6.348221694666595e-30	-6.978086950246497e+23	542.930908
-4.684349019790091e-10	-4.7599893877440084e+29	4.900833986803328e-37	542.935852
2.0119078159332275	1.092822533854676e-11	-5.138896428348546e-31	542.945953
2.0119125843048096	1.092822533854676e-11	4.900833538387819e-37	542.9609370000001
2.011924982070923	6.348221694666595e-30	2.984125527131794e-26	542.971038
2.011923313140869	6.348029101672156e-30	-2.0998916581277394e-12	543.016357
-4.684362342466386e-10	6.348180317265446e-30	-7.690758380851298e+20	543.066467
-3.874831160605951e-34	1.0957003533651477e-11	1.72023106870256e-08	543.081634
-4.684337917559844e-10	1.09568213876865e-11	-5.138896428348546e-31	543.106658
7.003129205309706e-41	-1024.0	0.1628580540418625	543.121704
-4.684381216257805e-10	-276502249472.0	4.910392661574153e+37	543.126892
-4.684381216257805e-10	-276502249472.0	4.910392661574153e+37	543.131835
7.005931802238355e-41	6.310887241768095e-30	-1.5531362862475362e-07	543.152038
2.4322473053661556e+24	1.0956908991222036e-11	-5.138896428348546e-31	543.162017
-1.044654890221577e+34	1.0956955828755888e-11	5.71644823934612e+27	543.192169
2.011927366256714	1.0956647047977164e-11	1.72023106870256e-08	543.242309
2.0119264125823975	16876212.0	4.910391140393433e+37	543.252685
-4.684339582894381e-10	-1.0400858631807707e-25	-8.456080587299299e+32	543.267486
-4.684347354455554e-10	-3.874621775674711e-34	-3.448654068568197e-23	543.277465
7.005931802238355e-41	16777216.0	-1.553136002030442e-07	543.287719
2.011930465698242	2.91277639922108e+25	3.473978259932972e-36	543.297607
-4.684349019790091e-10	7.819049022483435e+33	4.900835780465362e-37	543.317687
7.004950893313328e-41	6.310887241768095e-30	-7.690758380851298e+20	543.33786
2.011930465698242	2.91277639922108e+25	3.473978259932972e-36	543.362915
2.011915922164917	-1.7951370523405785e-07	-2.3143538392553188e-15	543.368103
-4.684332366444721e-10	6.348180317265446e-30	179064422400.0	543.383056
-4.684383436703854e-10	7.819049022483435e+33	1.72023195688098e-08	543.41336
2.0119240283966064	-4.7722928524838176e+29	8.518172546687618e+19	543.453399
-4.684377885588731e-10	6.323528413977289e-30	2.984125527131794e-26	543.513671
2.0119142532348633	-4.759913452090964e+29	-11460123033600.0	543.528839
2.011913537979126	-276504051712.0	8.064345397829294e+26	543.553833
2.01192569732666	-4.759913452090964e+29	-1210505.125	543.563934
-1.0446435011732156e+34	-276507328512.0	-170769.15625	543.594024
9.91946315215401e-32	-6.687641697136737e-16	-0.002544657327234745	543.649444
-3.874805905844507e-34	-4.7724481238937744e+29	-11460123033600.0	543.664337
-4.684390653153514e-10	-1.795165616158556e-07	3.4739800535950066e-36	543.67453
2.011915922164917	7.798642199905835e+33	-2.3143542627717924e-15	543.69458
2.4322620051153393e+24	6.348256301220283e-30	-1.5531362862475362e-07	543.709716
2.011928081512451	-275421921280.0	-6.978087670822437e+23	543.729766
2.0119240283966064	1.092822533854676e-11	8.518171667078316e+19	543.739898
-4.68435124023614e-10	-276502249472.0	8.064345397829294e+26	543.754791
2.011923313140869	-276499857408.0	-2.099891874968174e-12	543.779937
-4.684377885588731e-10	6.323528413977289e-30	2.984125527131794e-26	543.8452139999999
-1.044648205345365e+34	-6.67024787556487e-16	10929220.0	543.850433
-3.874815548571604e-34	-4.7724481238937744e+29	10929225.0	543.870513
-4.684373999808145e-10	16876614.0	-2.0998912244468704e-12	543.885437
2.011918306350708	16810420.0	-7.690756973476415e+20	543.960784
2.0119166374206543	16876212.0	3.2888934132165155e-29	543.97586
-1.04464647222931e+34	-4.77242734548125e+29	-2.314353415738845e-15	543.990905
-1.04464647222931e+34	-4.77242734548125e+29	-2.314353415738845e-15	543.996124
9.919536032803762e-32	-4.772460590941289e+29	2.207139411677213e-21	544.03128
2.432259122811578e+24	1.0956908991222036e-11	5.411889595167488e+34	544.041168
-1.044648205345365e+34	-6.67024787556487e-16	10929220.0	544.066467
2.011923313140869	16810676.0	-2.0998912244468704e-12	544.07135
-3.874821517878854e-34	-4.7724481238937744e+29	-5.1611805823741e+28	544.086364
-3.874815548571604e-34	-1.795195458953458e-07	10929227.0	544.106445
2.0119152069091797	16810932.0	0.16285811364650726	544.121582
-1.0446519191654828e+34	6.348296926305047e-30	4.910392154513913e+37	544.146667
-9.501050479079558e+21	-4.772491191876098e+29	-1210505.125	544.192047
-9.501050479079558e+21	-4.772491191876098e+29	-1210505.125	544.197082
2.4322620051153393e+24	6.348256301220283e-30	-1.5531362862475362e-07	544.20697
7.005931802238355e-41	-1.0339757656912846e-25	-1.5531367125731776e-07	544.232116
-4.684366228246972e-10	16876358.0	-1.553136002030442e-07	544.2623590000001
7.002148296384678e-41	-3.851859888774472e-34	8.064341708480479e+26	544.282318
-1.0446506812254435e+34	-1.7951876429833646e-07	8.518174305906223e+19	544.292633
9.91957599961169e-32	-4.772460590941289e+29	-2.4445956318263656e-22	544.307464
-1.0446439963492314e+34	-1.7905310301102872e-07	2.426775891350985e-09	544.332702
2.4322738225607615e+24	16876560.0	9916455936.0	544.35263
2.0119152069091797	-3.859541928028088e-34	0.16285808384418488	544.397888
-4.260425450851872e-22	-4.772480991564495e+29	-2.4445956318263656e-22	544.417999
2.4322680579532385e+24	4530267079311360.0	2.9841270678757494e-26	544.428009
2.011913537979126	16810676.0	8.064343184220005e+26	544.433074
-3.874799936537257e-34	-1.7905388460803806e-07	2.426775891350985e-09	544.4480590000001
2.0119264125823975	16810420.0	4.910391140393433e+37	544.458251
-1.0446506812254435e+34	2.912858487232208e+25	8.518169907859712e+19	544.47821
2.432244423062394e+24	-3.859621824909745e-34	179064356864.0	544.493469
9.91950311896194e-32	1.0928610447158427e-11	-11460121985024.0	544.503448
2.4322550875863117e+24	1.0928487281791632e-11	-11460121985024.0	544.558685
2.432264887419101e+24	-4.772406944858044e+29	-5.1611805823741e+28	544.563781
2.4322680579532385e+24	-3.87466815260027e-34	2.9841242945366295e-26	544.583923
2.4322473053661556e+24	2.905290249307367e+25	-5.138895487953065e-31	544.608886
7.004950893313328e-41	6.310887241768095e-30	-7.690758380851298e+20	544.61914
2.0119071006774902	6.348029101672156e-30	3.6161772120919456e-17	544.659179
-4.684379550923268e-10	1.0928399678256095e-11	-1210505.0	544.67929
-4.6843584566858e-10	6.348180317265446e-30	3.288894015069623e-29	544.694488
-3.8748187628139695e-34	-1.795195458953458e-07	2.2071398155739963e-21	544.724639
2.011924982070923	16876468.0	2.9841249108342117e-26	544.749725
2.0119125843048096	2.91277639922108e+25	4.900832641556802e-37	544.759674
-4.684337917559844e-10	-6.687513054007873e-16	-5.138894547557584e-31	544.764739
2.01192569732666	-4.759913452090964e+29	-1210505.125	544.789886
-4.684383436703854e-10	-4.772368788136862e+29	1.720231246338244e-08	544.799774
2.432257105198945e+24	-4.772406944858044e+29	-2.314353415738845e-15	544.80484
-4.684373999808145e-10	-276502249472.0	-2.099891874968174e-12	544.834991
2.0119264125823975	-3.8594831533105466e-34	4.910390126272953e+37	544.8452139999999
2.011911153793335	-4.759913452090964e+29	2.4267754472617753e-09	544.865112
2.0119290351867676	-4.759913452090964e+29	-2.4445956318263656e-22	544.895385
2.011920928955078	1.092822533854676e-11	2.207139209728821e-21	544.965576
7.011677125942087e-41	-274877906944.0	9916459008.0	545.010864
2.432266905031734e+24	2.905290249307367e+25	8.518169907859712e+19	545.016082
2.4322718049481285e+24	16876560.0	-6.978085509094616e+23	545.061065
2.0119314193725586	6.323377198384e-30	-0.00014092134370002896	545.066131
2.0119094848632812	1.0956647047977164e-11	1.2016808870568526e+19	545.086242
-4.684373999808145e-10	-276502249472.0	-2.099891874968174e-12	545.106506
-4.684383436703854e-10	-4.7599893877440084e+29	1.720231246338244e-08	545.116424
2.0119264125823975	-1.040061088017966e-25	4.910393675694633e+37	545.1263730000001
2.4322452877535225e+24	7.819111538455419e+33	-0.002544659422710538	545.1465450000001
2.01192569732666	-4.7722928524838176e+29	-1210505.125	545.166656
2.01192569732666	-4.7722928524838176e+29	-1210505.125	545.171752
-4.684371779362095e-10	-4.7599893877440084e+29	-5.1611805823741e+28	545.186767
2.011908531188965	-276499857408.0	-8.45607903987425e+32	545.247039
2.011908531188965	-276499857408.0	-8.45607903987425e+32	545.251983
-1.0446443677312431e+34	-1.040104968405819e-25	-3.4486562773787314e-23	545.262084
7.009715308092032e-41	-274877906944.0	4.910392661574153e+37	545.277191
-4.2603941488511525e-22	-1.7952078223970602e-07	-11460125130752.0	545.317321
2.0119216442108154	6.348029101672156e-30	-3.1365337515541297e-35	545.327392
2.0119216442108154	6.348029101672156e-30	-3.1365337515541297e-35	545.33258
2.0119192600250244	-4.759913452090964e+29	10929225.0	545.347534
2.432261140424211e+24	2.9128460356799583e+25	10929222.0	545.377777
-1.0446490719033924e+34	7.798862553232828e+33	2.2071402194707798e-21	545.402679
-4.684364562912435e-10	1.0928399678256095e-11	10929224.0	545.437957
-4.684364562912435e-10	1.0928399678256095e-11	10929224.0	545.442962
-4.684373999808145e-10	6.323528413977289e-30	-2.0998916581277394e-12	545.447967
2.0119223594665527	-4.759913452090964e+29	-5.1611805823741e+28	545.463256
2.011923313140869	-276499857408.0	-2.099891874968174e-12	545.488189
2.0119175910949707	-1.7732059404592826e+21	5.411886624111394e+34	545.513244
2.0119199752807617	-276504051712.0	-1.5531364283560833e-07	545.518341
2.0119199752807617	16875956.0	-1.553136002030442e-07	545.538635
9.919536032803762e-32	2.912878778650689e+25	2.2071388058320377e-21	545.588653
9.919536032803762e-32	2.912878778650689e+25	2.2071388058320377e-21	545.593811
2.0119199752807617	6.323473494881219e-30	-1.5531362862475362e-07	545.598724
2.011923313140869	-3.874588255718613e-34	-2.0998907907660014e-12	545.648986
-4.684345689121017e-10	1.0928399678256095e-11	2.4267752252171704e-09	545.669067
-4.684345689121017e-10	1.0928399678256095e-11	2.4267752252171704e-09	545.674072
2.0119118690490723	16810676.0	-3.448654699656921e-23	545.719299
2.0119175910949707	2.9052206128484887e+25	5.411888604815457e+34	545.729492
2212132028416.0	1.0957055575355756e-11	-5.1611801101374515e+28	545.739471
2.0119152069091797	-3.8594831533105466e-34	0.16285808384418488	545.784637
-3.874831160605951e-34	-4.7724481238937744e+29	1.720231246338244e-08	545.804656
2.4322530699736786e+24	2.905290249307367e+25	4.900832641556802e-37	545.895172
-4.684381216257805e-10	16876358.0	4.910391140393433e+37	545.905242
-3.874837129913201e-34	1.0957003533651477e-11	3.473978977397786e-36	545.910308
2.0119216442108154	-1030.057861328125	-3.1365320296385767e-35	545.925354
2.0119118690490723	-3.859541928028088e-34	-3.448654068568197e-23	545.945434
-4.684373999808145e-10	-3.874621775674711e-34	-2.0998907907660014e-12	545.975616
2.4322718049481285e+24	-1.0400983123919312e-25	-6.978089111974318e+23	546.020996
2.432264887419101e+24	-6.687566522962669e-16	-5.161178221190858e+28	546.030792
-3.874837129913201e-34	1.0957003533651477e-11	3.473978977397786e-36	546.076019
-1.04464647222931e+34	-4.760047945088396e+29	-2.314353415738845e-15	546.116577
2.011929750442505	6.348221694666595e-30	9916457984.0	546.121246
2.011924982070923	-276504051712.0	2.984125835280585e-26	546.131256
2.011911153793335	-1.790480439467501e-07	2.426775891350985e-09	546.161437
2.011929750442505	16876212.0	9916455936.0	546.181915
2.4322620051153393e+24	6.348256301220283e-30	-1.5531362862475362e-07	546.196533
2.0119118690490723	0.06262464821338654	-3.4486524908463863e-23	546.211791
2.432259122811578e+24	-4.772406944858044e+29	5.411890090343504e+34	546.221862
-1.044651547783471e+34	-4.77242734548125e+29	-1210505.125	546.24179
2.011913537979126	-276495663104.0	8.064345397829294e+26	546.256927
-4.684385102038391e-10	-3.874621775674711e-34	-6.978084067942735e+23	546.297088
2.0119054317474365	6.348221694666595e-30	179064422400.0	546.317199
-4.684371779362095e-10	1.09568213876865e-11	-5.1611801101374515e+28	546.357543
-4.684364562912435e-10	1.09568213876865e-11	10929224.0	546.382598
-4.684364562912435e-10	1.09568213876865e-11	10929224.0	546.3875419999999
-1.0446431297912039e+34	-4.77242734548125e+29	1.2016809970080154e+19	546.42279
6.998364790531001e-41	2.350988701644575e-38	3.6161748959862304e-17	546.437713
2.011913537979126	16875956.0	8.064343184220005e+26	546.467956
6.999205569609596e-41	16777216.0	-8.456076718736676e+32	546.483032
7.00789362008841e-41	16777216.0	-2.0998912244468704e-12	546.513183
2.0119102001190186	6.323377198384e-30	-170769.140625	546.523223
2.0119078159332275	2.91277639922108e+25	-5.138895487953065e-31	546.538299
2.0119054317474365	-1026.026611328125	179064324096.0	546.588562
2.011913537979126	-1.040061088017966e-25	8.06434687356882e+26	546.638854
-1.0446422632331764e+34	-4.77242734548125e+29	-5.138896898546286e-31	546.643768
-4.684381216257805e-10	-1.0400858631807707e-25	4.910393675694633e+37	546.66394
-4.684368448693021e-10	-1.795165616158556e-07	2.2071398155739963e-21	546.71408
-4.684368448693021e-10	-1.795165616158556e-07	2.2071398155739963e-21	546.719116
-4.684375665142682e-10	-4.7599893877440084e+29	8.518172546687618e+19	546.729095
-1.0446431297912039e+34	1.0956955828755888e-11	1.2016808870568526e+19	546.754302
7.008874529013438e-41	6.310887241768095e-30	2.984125527131794e-26	546.779357
2.0119264125823975	4512581477728256.0	4.910394689815114e+37	546.83966
2.432257105198945e+24	1.0928487281791632e-11	-2.3143532039806083e-15	546.844757
2.432254222895183e+24	-276505559040.0	8.064345397829294e+26	546.869873
7.005931802238355e-41	16777216.0	-1.553136002030442e-07	546.874847
2.0119166374206543	-1030.042236328125	3.2888922095103e-29	546.905151
-4.684355126016726e-10	6.348276613762665e-30	0.16285814344882965	546.915069
-4.684355126016726e-10	6.348276613762665e-30	0.16285814344882965	546.920013
-1.0401370158800936e-25	-4.7725010143983825e+29	5.411890090343504e+34	546.980377
-3.8748123343292384e-34	2.9053153829961673e+25	5.411888604815457e+34	547.00061
-4.684362342466386e-10	-276502249472.0	-7.69075908453874e+20	547.015563
9.919543085769867e-32	-4.772460590941289e+29	-5.1611805823741e+28	547.030792
-4.684356791351263e-10	-4.7599893877440084e+29	-2.314353415738845e-15	547.055755
7.005931802238355e-41	16777216.0	-1.553136002030442e-07	547.0708
-4.684362342466386e-10	6.348276613762665e-30	-7.690758380851298e+20	547.075836
-4.684355126016726e-10	-275432701952.0	0.16285815834999084	547.111053
-4.684368448693021e-10	2.9128227466655653e+25	2.2071388058320377e-21	547.176483
-1.0401387415133237e-25	7.81926566199031e+33	2.2071402194707798e-21	547.201446
2.011918306350708	-275426115584.0	-7.69075908453874e+20	547.206451
0.0004911900032311678	-4.7601269030559895e+29	-11460123033600.0	547.221557
2.432261140424211e+24	-1.790523356248741e-07	10929227.0	547.231567
2212124950528.0	2.9053292180542226e+25	-2.3143527804641347e-15	547.266906
2212124950528.0	2.9053292180542226e+25	-2.3143527804641347e-15	547.271759
2.432264887419101e+24	1.0956908991222036e-11	-5.1611801101374515e+28	547.291992
2.011918306350708	6.348221694666595e-30	-7.690758380851298e+20	547.307006
2.0119142532348633	-4.759913452090964e+29	-11460123033600.0	547.322143
2212132028416.0	-4.772470791252892e+29	-5.1611805823741e+28	547.362335
2.011915922164917	-4.759913452090964e+29	-2.314353415738845e-15	547.372222
-3.874809120086873e-34	2.9053153829961673e+25	-2.3143527804641347e-15	547.382293
2212135698432.0	1.0957055575355756e-11	-1210505.0	547.412445
2.4322530699736786e+24	-1.790523356248741e-07	4.900834883634345e-37	547.427764
7.004950893313328e-41	16777216.0	-7.690756973476415e+20	547.447662
2212137533440.0	1.0957055575355756e-11	1.72023106870256e-08	547.462707
2.011920928955078	7.798642199905835e+33	2.2071402194707798e-21	547.497894
-3.874821517878854e-34	1.0957003533651477e-11	-5.1611801101374515e+28	547.518127
-4.684371779362095e-10	2.9128227466655653e+25	-5.161179165664155e+28	547.558197
-4.684371779362095e-10	2.9128227466655653e+25	-5.161179165664155e+28	547.563201
-4.684381216257805e-10	-276506443776.0	4.910392661574153e+37	547.573303
-4.684345689121017e-10	-4.772368788136862e+29	2.4267754472617753e-09	547.603302
6.998364790531001e-41	-1.0339757656912846e-25	3.6161782047086806e-17	547.653656
-1.0446456056712824e+34	-4.760047945088396e+29	-11460123033600.0	547.65866
-1.0446431297912039e+34	-4.77242734548125e+29	1.2016809970080154e+19	547.703826
2.011918306350708	-276499857408.0	-7.69075908453874e+20	547.719024
7.001167387459651e-41	16777216.0	-3.448654699656921e-23	547.759155
2.011913537979126	6.323473494881219e-30	8.064344659959531e+26	547.7742
2.01192569732666	-4.7722928524838176e+29	-1210505.125	547.784271
2.43227468725189e+24	2.9128460356799583e+25	3.473978259932972e-36	547.844665
-1.044644739113255e+34	-1.7951876429833646e-07	4.900834883634345e-37	547.859802
2.0119166374206543	6.323377198384e-30	3.288894015069623e-29	547.914916
2.0119094848632812	-4.7722928524838176e+29	1.2016809970080154e+19	547.919921
2.0119142532348633	7.798642199905835e+33	-11460127227904.0	547.934936
-3.874834374848316e-34	-1.795195458953458e-07	-2.444596136697345e-22	547.940216
2.01192569732666	-1.7951370523405785e-07	-1210505.375	547.965118
2.0119054317474365	6.348029101672156e-30	179064422400.0	547.985198
2.011929750442505	16875956.0	9916455936.0	548.000274
6.997383881605974e-41	16777216.0	179064389632.0	548.030517
2.011913537979126	-1030.026611328125	8.064340232740953e+26	548.040649
2.432263158036844e+24	-4.772406944858044e+29	2.207139411677213e-21	548.070831
-3.874787079567795e-34	1.0957003533651477e-11	-1.2600537378265263e+25	548.085662
7.013779073638574e-41	16777216.0	-2.8458832844106786e-32	548.110931
7.013779073638574e-41	16777216.0	-2.8458832844106786e-32	548.115814
2.011929750442505	16875956.0	9916455936.0	548.176177
2.0119125843048096	7.818924609509487e+33	4.900835780465362e-37	548.181121
2.4322473053661556e+24	2.9128460356799583e+25	-5.138895487953065e-31	548.191284
2.0119314193725586	-1030.026611328125	-0.00014092125638853759	548.226318
2.0119102001190186	-276499857408.0	-170769.15625	548.246398
-4.684368448693021e-10	-1.795165616158556e-07	2.2071398155739963e-21	548.261474
-1.044648205345365e+34	-4.77242734548125e+29	10929225.0	548.311828
2.0119152069091797	-3.874588255718613e-34	0.16285808384418488	548.346862
-4.260384051431566e-22	-4.772480991564495e+29	1.2016809970080154e+19	548.367126
-1.0446524143414985e+34	1.0928534119325484e-11	1.72023106870256e-08	548.387176
-1.0446439963492314e+34	2.912858487232208e+25	2.4267747811279605e-09	548.417297
2.011923313140869	-1030.026611328125	-2.0998903570851324e-12	548.437438
7.006912711163383e-41	-274877906944.0	-3.136534038540055e-35	548.442352
-4.684356791351263e-10	-4.772368788136862e+29	-2.314353415738845e-15	548.452453
2.011913537979126	16876468.0	8.064343184220005e+26	548.467712
2.432266905031734e+24	1.0956908991222036e-11	8.518171667078316e+19	548.482604
-4.68435124023614e-10	6.348180317265446e-30	8.064344659959531e+26	548.517852
-1.0446490719033924e+34	-4.760047945088396e+29	2.207139411677213e-21	548.557922
2.0119142532348633	1.092822533854676e-11	-11460121985024.0	548.567993
9.91951957588285e-32	-6.687641697136737e-16	5.4118876144634255e+34	548.578033
9.919543085769867e-32	1.095703215658883e-11	-5.1611801101374515e+28	548.583068
2.0119166374206543	16810420.0	3.2888934132165155e-29	548.61322
-3.874809120086873e-34	-4.7724481238937744e+29	-2.314353415738845e-15	548.628417
2.432261140424211e+24	-1.790523356248741e-07	10929227.0	548.65335
2.0119192600250244	-1.790480439467501e-07	10929227.0	548.663604
2.0119199752807617	-276504051712.0	-1.5531364283560833e-07	548.688507
2.011920928955078	1.092822533854676e-11	2.207139209728821e-21	548.703643
-3.874802691602142e-34	-4.7600687235009206e+29	4.900833986803328e-37	548.718719
2.0119199752807617	-1.040092642454175e-25	-1.5531367125731776e-07	548.733795
-3.874799936537257e-34	-1.7905388460803806e-07	2.426775891350985e-09	548.778961
2.432263158036844e+24	7.819111538455419e+33	2.2071402194707798e-21	548.783996
-9.501012198482726e+21	-4.772491191876098e+29	5.411890090343504e+34	548.804199
2212124950528.0	1.0928633865925352e-11	-2.3143532039806083e-15	548.829254
2.432261140424211e+24	-1.7951799691218184e-07	10929227.0	548.844299
2.432261140424211e+24	-1.7951799691218184e-07	10929227.0	548.849273
2.011918306350708	6.348221694666595e-30	-7.690758380851298e+20	548.869445
-4.68435124023614e-10	-275428507648.0	8.064345397829294e+26	548.879455
9.919527804343306e-32	2.912878778650689e+25	10929222.0	548.904632
2.0119118690490723	-3.874529481001072e-34	-3.448654068568197e-23	548.924652
2.0119216442108154	-1.0360221201832345e-25	-3.136534612511906e-35	548.950103
2.0119152069091797	-276495663104.0	0.16285815834999084	548.974945
2.0119166374206543	6.323569791378438e-30	3.288894015069623e-29	548.995117
-3.874815548571604e-34	2.9128711693687588e+25	10929222.0	549.030273
-4.684349019790091e-10	-4.7599893877440084e+29	4.900833986803328e-37	549.035644
2.011908531188965	6.323473494881219e-30	-8.456078266161725e+32	549.04541
-4.68435124023614e-10	6.348180317265446e-30	8.064344659959531e+26	549.0904840000001
-4.684343468674967e-10	-3.859575447984185e-34	-170769.078125	549.095581
2.011918306350708	6.323473494881219e-30	-7.690758380851298e+20	549.105529
-3.874837129913201e-34	2.9128711693687588e+25	3.473978259932972e-36	549.120635
2.011928081512451	-276504051712.0	-6.978087670822437e+23	549.175933
2.011928081512451	-276504051712.0	-6.978087670822437e+23	549.181091
-4.6843584566858e-10	16876358.0	3.2888934132165155e-29	549.191101
-4.684345689121017e-10	1.0928399678256095e-11	2.4267752252171704e-09	549.205993
2.0119216442108154	-1.0360221201832345e-25	-3.136534612511906e-35	549.216278
2.0119152069091797	-3.874529481001072e-34	0.16285808384418488	549.246398
2.011923313140869	-1.040092642454175e-25	-2.099892308649043e-12	549.281463
-4.684395649157125e-10	-1.0400858631807707e-25	2.002613361977618e-18	549.286407
-4.68434180334043e-10	7.798766612879783e+33	1.2016814368126665e+19	549.31668
-4.68438732248444e-10	-4.772368788136862e+29	-2.4445956318263656e-22	549.346893
-4.68438732248444e-10	-4.772368788136862e+29	-2.4445956318263656e-22	549.351715
2.011927366256714	-6.687406645493874e-16	1.7202303581598244e-08	549.402099
2.0119071006774902	-276499857408.0	3.6161775429641906e-17	549.427124
2.011923313140869	6.348029101672156e-30	-2.0998916581277394e-12	549.462249
9.919567771151234e-32	-1.795200148535514e-07	1.720231601609612e-08	549.497406
2.011908531188965	-3.874588255718613e-34	-8.456075171311627e+32	549.527557
-4.684349019790091e-10	-4.772368788136862e+29	4.900833986803328e-37	549.542572
2.011911153793335	0.002933523152023554	2.426776779529405e-09	549.57785
-4.68434180334043e-10	-1.795165616158556e-07	1.201681216910341e+19	549.58789
2.011918306350708	-3.874647030436154e-34	-7.690755566101531e+20	549.598052
7.00789362008841e-41	-274877906944.0	-2.099891874968174e-12	549.623016
2.4322432701408895e+24	-6.687566522962669e-16	-1.2600532766579244e+25	549.6531669999999
2.0119166374206543	16875956.0	3.2888934132165155e-29	549.688415
-3.8748187628139695e-34	-4.7724481238937744e+29	2.207139411677213e-21	549.713531
2.011918306350708	-276495663104.0	-7.69075908453874e+20	549.738555
-4.684366228246972e-10	6.348180317265446e-30	-1.5531362862475362e-07	549.793945
-1.0446435011732156e+34	6.348296926305047e-30	-170769.140625	549.799163
-4.684347354455554e-10	-1.0400858631807707e-25	-3.4486562773787314e-23	549.80899
2212114202624.0	-4.772470791252892e+29	-0.0025446584913879633	549.859252
2212114202624.0	-4.772470791252892e+29	-0.0025446584913879633	549.864349
2.0119166374206543	6.348125398169375e-30	3.288894015069623e-29	549.874298
2.011924982070923	-1.0360221201832345e-25	2.984126451578167e-26	549.889434
-4.684343468674967e-10	-276506443776.0	-170769.15625	549.914428
2.0119240283966064	2.91277639922108e+25	8.518169907859712e+19	549.929718
-1.0446490719033924e+34	-1.7951876429833646e-07	2.2071398155739963e-21	549.979766
-1.0446490719033924e+34	-1.7951876429833646e-07	2.2071398155739963e-21	549.984771
-4.684356791351263e-10	-4.7599893877440084e+29	-2.314353415738845e-15	550.014862
-1.0446443677312431e+34	16876668.0	-3.448654699656921e-23	550.019989
2.432266905031734e+24	7.798829128851767e+33	8.518176065124827e+19	550.045104
2.0119166374206543	6.348125398169375e-30	3.288894015069623e-29	550.065093
-4.68435124023614e-10	-276502249472.0	8.064345397829294e+26	550.075164
2.011913537979126	6.348125398169375e-30	8.064344659959531e+26	550.12564
-4.68435124023614e-10	16876614.0	8.064343184220005e+26	550.130615
-4.684362342466386e-10	16876614.0	-7.690756973476415e+20	550.140502
7.006912711163383e-41	-274877906944.0	-3.136534038540055e-35	550.155548
9.919471380614467e-32	-6.687641697136737e-16	-5.138894547557584e-31	550.185699
-4.260401217044863e-22	1.0957078994122682e-11	5.411889595167488e+34	550.241149
2.01192569732666	1.092822533854676e-11	-1210505.0	550.261169
2.432261140424211e+24	-1.790523356248741e-07	10929227.0	550.276153
-4.684362342466386e-10	6.348180317265446e-30	-7.690758380851298e+20	550.291595
2.0119199752807617	-276495663104.0	-1.5531364283560833e-07	550.316314
-4.684370114027558e-10	6.323528413977289e-30	-3.1365337515541297e-35	550.326507
2.432257105198945e+24	1.0928487281791632e-11	-2.3143532039806083e-15	550.331542
-4.684364562912435e-10	2.9128227466655653e+25	10929222.0	550.371612
-4.684366228246972e-10	-275428507648.0	-1.5531364283560833e-07	550.381744
2.0119223594665527	1.092822533854676e-11	-5.1611801101374515e+28	550.396789
2.0119166374206543	16876212.0	3.2888934132165155e-29	550.40686
7.005931802238355e-41	-274877906944.0	-1.5531364283560833e-07	550.44696
2.432266905031734e+24	7.819111538455419e+33	8.518176065124827e+19	550.452239
2.432259122811578e+24	-4.772406944858044e+29	5.411890090343504e+34	550.472137
2.0119264125823975	16876468.0	4.910391140393433e+37	550.512298
2.0119264125823975	16876468.0	4.910391140393433e+37	550.517456
-4.684345689121017e-10	-4.7599893877440084e+29	2.4267754472617753e-09	550.542449
2.432266905031734e+24	2.9128460356799583e+25	8.518169907859712e+19	550.562622
9.919559542690778e-32	-6.687641697136737e-16	-1210504.5	550.572601
2.011918306350708	6.348221694666595e-30	-7.690758380851298e+20	550.587677
2.4322493229787887e+24	-4.76002754446519e+29	1.2016809970080154e+19	550.592742
-4.684366228246972e-10	16876614.0	-1.553136002030442e-07	550.637878
-4.684345689121017e-10	-6.670165819248105e-16	2.4267743370387507e-09	550.648254
9.919551314230323e-32	1.095703215658883e-11	8.518171667078316e+19	550.688171
2.0119118690490723	6.323569791378438e-30	-3.448655330745645e-23	550.718292
2.011929750442505	-1.0400768652360705e-25	9916461056.0	550.728515
9.91957599961169e-32	-1.7778801139225398e+21	-2.444593864777938e-22	550.738311
-4.684368448693021e-10	-1.7905090032854787e-07	2.2071398155739963e-21	550.778686
9.919543085769867e-32	2.912878778650689e+25	-5.161179165664155e+28	550.793762
2.0119054317474365	-1030.026611328125	179064324096.0	550.80899
2.4322550875863117e+24	-1.790523356248741e-07	-11460125130752.0	550.82376
-4.684366228246972e-10	16876358.0	-1.553136002030442e-07	550.853912
-4.684375665142682e-10	1.09568213876865e-11	8.518171667078316e+19	550.889099
7.000186478534624e-41	-3.851859888774472e-34	-170769.078125	550.914245
2.0119142532348633	1.092822533854676e-11	-11460121985024.0	550.934295
-1.0446519191654828e+34	6.348296926305047e-30	4.910392154513913e+37	550.959442
-4.684345689121017e-10	1.09568213876865e-11	2.4267752252171704e-09	550.979553
2.01192569732666	-1.790480439467501e-07	-1210505.375	550.994628
-1.044651547783471e+34	2.912858487232208e+25	-1210504.75	551.01477
2.011908531188965	6.348029101672156e-30	-8.456078266161725e+32	551.029724
-4.684347354455554e-10	-1026.0511474609375	-3.4486534374794726e-23	551.034759
2.0119199752807617	-1.0400768652360705e-25	-1.5531367125731776e-07	551.049865
2.011928081512451	6.348221694666595e-30	-6.978086950246497e+23	551.054901
2.011928081512451	16876468.0	-6.978085509094616e+23	551.115142
2.011928081512451	16876468.0	-6.978085509094616e+23	551.120208
2.011913537979126	-276495663104.0	8.064345397829294e+26	551.145324
2.011913537979126	-276495663104.0	8.064345397829294e+26	551.15036
2.011928081512451	6.348029101672156e-30	-6.978086950246497e+23	551.180419
2.432250187669917e+24	-1030.0634765625	-170769.046875	551.185546
2.0119078159332275	1.092822533854676e-11	-5.138896428348546e-31	551.200714
-4.684375665142682e-10	-4.772368788136862e+29	8.518172546687618e+19	551.230712
2.0119223594665527	-1.790480439467501e-07	-5.161181526847396e+28	551.286132
-4.684349019790091e-10	7.819049022483435e+33	4.900835780465362e-37	551.296051
-4.684349019790091e-10	7.819049022483435e+33	4.900835780465362e-37	551.301269
-1.0446473387873374e+34	-1.7951876429833646e-07	5.4118910806955355e+34	551.316162
2.01192569732666	1.0956647047977164e-11	-1210505.0	551.336303
2.432270940257e+24	1.0928487281791632e-11	1.72023106870256e-08	551.391418
2.0119199752807617	-1.0360221201832345e-25	-1.5531367125731776e-07	551.40155
2.4322513405914217e+24	1.0956908991222036e-11	2.4267752252171704e-09	551.406646
-4.684385102038391e-10	6.348180317265446e-30	-6.978086950246497e+23	551.441741
-1.0446490719033924e+34	1.0928534119325484e-11	2.207139209728821e-21	551.446868
2.0119166374206543	16810676.0	3.2888934132165155e-29	551.456787
-3.874799936537257e-34	0.0029412482399493456	2.426776779529405e-09	551.471832
2.011920928955078	1.0956647047977164e-11	2.207139209728821e-21	551.492034
2.0119094848632812	1.092822533854676e-11	1.2016808870568526e+19	551.517059
2.0119216442108154	6.348221694666595e-30	-3.1365337515541297e-35	551.542236
2.4322640227279724e+24	-275431817216.0	-3.136534038540055e-35	551.557312
-4.684356791351263e-10	-4.772368788136862e+29	-2.314353415738845e-15	551.572448
-1.04464647222931e+34	2.912858487232208e+25	-2.3143527804641347e-15	551.577423
-1.0446443677312431e+34	-3.874692948184233e-34	-3.448654068568197e-23	551.587493
-1.044649814667416e+34	-6.67024787556487e-16	-5.161178221190858e+28	551.617553
-4.684355126016726e-10	-3.874621775674711e-34	0.16285808384418488	551.627868
-4.684370114027558e-10	-276502249472.0	-3.136534038540055e-35	551.65277
2.0119216442108154	-1.0360536746194433e-25	-3.136534612511906e-35	551.662719
2.0119216442108154	16810420.0	-3.1365331775822787e-35	551.712982
-4.684364562912435e-10	1.0928399678256095e-11	10929224.0	551.733276
-4.684364562912435e-10	-6.687513054007873e-16	10929220.0	551.763214
2.011923313140869	-3.859600702745629e-34	-2.0998907907660014e-12	551.768493
-3.8748187628139695e-34	-4.7600687235009206e+29	2.207139411677213e-21	551.77832
7.003129205309706e-41	6.310887241768095e-30	0.16285814344882965	551.788574
-1.0446494432854042e+34	16876668.0	-3.1365331775822787e-35	551.798492
-1.0446494432854042e+34	16876668.0	-3.1365331775822787e-35	551.803527
2.011923313140869	-3.874529481001072e-34	-2.0998907907660014e-12	551.818634
-4.26041131446445e-22	-4.772480991564495e+29	-5.1611805823741e+28	551.853912
2.0119216442108154	6.323569791378438e-30	-3.1365337515541297e-35	551.878875
-4.684368448693021e-10	4.0711461299121736e-20	2.207137796090079e-21	551.88919
-3.8748123343292384e-34	2.9128711693687588e+25	5.411888604815457e+34	551.92395
2.4322660403406055e+24	-1026.0634765625	-2.0998903570851324e-12	551.929229
2.0119216442108154	-1.0360536746194433e-25	-3.136534612511906e-35	551.939086
2.0119216442108154	-1.0360536746194433e-25	-3.136534612511906e-35	551.944213
-4.684362342466386e-10	16876358.0	-7.690756973476415e+20	551.969329
-4.684362342466386e-10	16876358.0	-7.690756973476415e+20	551.974456
2.432259122811578e+24	7.798829128851767e+33	5.411892071047567e+34	551.994415
-1.0446490719033924e+34	2.912858487232208e+25	2.2071388058320377e-21	552.009582
2.432257105198945e+24	-1.790523356248741e-07	-2.3143538392553188e-15	552.049926
2.432257105198945e+24	-1.790523356248741e-07	-2.3143538392553188e-15	552.054656
2.4322620051153393e+24	-276505559040.0	-1.5531364283560833e-07	552.074768
2.432261140424211e+24	-4.772406944858044e+29	10929225.0	552.084991
2.011918306350708	-3.8594831533105466e-34	-7.690755566101531e+20	552.115112
-9.50104259778021e+21	-1.7952116593278333e-07	8.518174305906223e+19	552.125061
-4.684377885588731e-10	4530281574825984.0	2.9841270678757494e-26	552.13504
-4.684362342466386e-10	16876358.0	-7.690756973476415e+20	552.175292
2.0119125843048096	-1.790480439467501e-07	4.900834883634345e-37	552.200317
2.432268922644367e+24	-4.772406944858044e+29	-1210505.125	552.245727
-4.684349019790091e-10	1.0928399678256095e-11	4.900833538387819e-37	552.260711
2.011928081512451	16876468.0	-6.978085509094616e+23	552.295867
2.0119199752807617	-276504051712.0	-1.5531364283560833e-07	552.300872
2.0119216442108154	-1.040092642454175e-25	-3.136534612511906e-35	552.33609
2.4322513405914217e+24	-1.7951799691218184e-07	2.426775891350985e-09	552.361114
-4.684330145998672e-10	-4.7599893877440084e+29	-1.2600538531186767e+25	552.376403
2.011908531188965	6.323377198384e-30	-8.456078266161725e+32	552.386291
2.432280163629037e+24	16876560.0	6.654820927710167e+17	552.401367
7.00789362008841e-41	-274877906944.0	-2.099891874968174e-12	552.4417109999999
7.00789362008841e-41	-274877906944.0	-2.099891874968174e-12	552.446563
-4.684377885588731e-10	-1.0400858631807707e-25	2.984126451578167e-26	552.466644
6.996402972680947e-41	-3.851859888774472e-34	-3.5601570953436665e-39	552.481719
2.011918306350708	-1030.042236328125	-7.690754158726648e+20	552.491882
2.0119071006774902	6.348125398169375e-30	3.6161772120919456e-17	552.5372
2.0119330883026123	1.092822533854676e-11	-81235615416320.0	552.567047
2.0119118690490723	4530173663772672.0	-3.4486569084674555e-23	552.582214
-3.874793508052526e-34	-4.7724481238937744e+29	-5.138896898546286e-31	552.592285
2.0119216442108154	-1030.042236328125	-3.1365320296385767e-35	552.602508
2.0119290351867676	-1.7951370523405785e-07	-2.444596136697345e-22	552.62741
7.008874529013438e-41	-274877906944.0	2.984125835280585e-26	552.717834
2.432268922644367e+24	-4.772406944858044e+29	-1210505.125	552.733245
2.0119152069091797	-1.040061088017966e-25	0.16285818815231323	552.763031
7.011677125942087e-41	16777216.0	9916455936.0	552.778137
2.0119175910949707	2.9052206128484887e+25	5.411888604815457e+34	552.79837
2.432266905031734e+24	2.9128460356799583e+25	8.518169907859712e+19	552.823364
2.432270940257e+24	-4.76002754446519e+29	1.720231246338244e-08	552.838439
2.011923313140869	16875956.0	-2.0998912244468704e-12	552.84851
9.919471380614467e-32	-1.795200148535514e-07	-5.138897838941767e-31	552.868682
2.0119071006774902	-276499857408.0	3.6161775429641906e-17	552.913848
2.011927366256714	2.91277639922108e+25	1.7202307134311923e-08	552.943908
2.0119166374206543	-3.8594831533105466e-34	3.288892811363408e-29	552.958953
9.919479609074922e-32	1.095703215658883e-11	1.2016808870568526e+19	552.969055
-1.0446431297912039e+34	2.912858487232208e+25	1.201680667154527e+19	552.974151
2.432259987502706e+24	-276505559040.0	-7.69075908453874e+20	552.98413
2.432272957869633e+24	2.9128460356799583e+25	-2.4445948745198966e-22	552.994384
2.0119152069091797	-276499857408.0	0.16285815834999084	553.0344230000001
2.432268922644367e+24	1.0956908991222036e-11	-1210505.0	553.044464
2.011923313140869	6.323473494881219e-30	-2.0998916581277394e-12	553.054504
2.011923313140869	6.323473494881219e-30	-2.0998916581277394e-12	553.059661
2.0119199752807617	-3.874529481001072e-34	-1.5531357178133476e-07	553.069549
2.0119102001190186	6.348125398169375e-30	-170769.140625	553.0795889999999
2.0119125843048096	-4.7722928524838176e+29	4.900833986803328e-37	553.124938
-1.0446439963492314e+34	-4.77242734548125e+29	2.4267754472617753e-09	553.134948
-4.260397682948008e-22	2.912891230202939e+25	-2.3143527804641347e-15	553.144927
2.0119216442108154	-3.874588255718613e-34	-3.1365326036104277e-35	553.155029
2.432263158036844e+24	-1.790523356248741e-07	2.2071398155739963e-21	553.17517
2.432257105198945e+24	2.9128460356799583e+25	-2.3143527804641347e-15	553.23529
2.432257105198945e+24	2.9128460356799583e+25	-2.3143527804641347e-15	553.240325
2.011923313140869	-276504051712.0	-2.099891874968174e-12	553.270477
-4.684370114027558e-10	16810822.0	-3.1365331775822787e-35	553.275604
2.0119118690490723	6.348221694666595e-30	-3.448655330745645e-23	553.305664
-4.684368448693021e-10	1.0928399678256095e-11	2.207139209728821e-21	553.325714
2.432264887419101e+24	1.0928487281791632e-11	-5.1611801101374515e+28	553.3359370000001
9.919511347422395e-32	2.912878778650689e+25	-2.3143527804641347e-15	553.360931
-1.04464647222931e+34	-4.760047945088396e+29	-2.314353415738845e-15	553.390991
-4.6843584566858e-10	16876614.0	3.2888934132165155e-29	553.4216
2.0119216442108154	-1.0400768652360705e-25	-3.136534612511906e-35	553.456451
-1.0446468436113217e+34	6.348296926305047e-30	3.288894015069623e-29	553.471405
-4.684356791351263e-10	-4.7599893877440084e+29	-2.314353415738845e-15	553.491516
-4.684364562912435e-10	1.0928399678256095e-11	10929224.0	553.501617
-4.684362342466386e-10	16876614.0	-7.690756973476415e+20	553.531738
7.003969984388301e-41	-3.851859888774472e-34	3.288892811363408e-29	553.56192
-3.874821517878854e-34	-1.795195458953458e-07	-5.161181526847396e+28	553.571899
2.0119118690490723	16810932.0	-3.448654699656921e-23	553.607025
-1.0446473387873374e+34	-6.687595110324638e-16	5.4118876144634255e+34	553.637176
-4.684352905570677e-10	-1.7905090032854787e-07	-11460125130752.0	553.652221
2.432257105198945e+24	1.0928487281791632e-11	-2.3143532039806083e-15	553.657531
-4.6843584566858e-10	16876358.0	3.2888934132165155e-29	553.702514
2.43225220528255e+24	-275431817216.0	-3.448655646290007e-23	553.717681
2.0119199752807617	16876724.0	-1.553136002030442e-07	553.752716
2.0119102001190186	16875956.0	-170769.109375	553.762817
2.0119125843048096	-4.759913452090964e+29	4.900833986803328e-37	553.833099
-1.0401420695202676e-25	2.9129034511708878e+25	1.7202307134311923e-08	553.848236
2.432263158036844e+24	2.9128460356799583e+25	2.2071388058320377e-21	553.858428
2.432263158036844e+24	2.9128460356799583e+25	2.2071388058320377e-21	553.863311
-1.0446511764014592e+34	16876668.0	2.9841249108342117e-26	553.90866
-1.0446511764014592e+34	16876668.0	2.9841249108342117e-26	553.913482
2.0119118690490723	-1026.057861328125	-3.4486534374794726e-23	553.943634
-3.874837129913201e-34	-4.7724481238937744e+29	3.473979336130193e-36	554.01416
-4.684377885588731e-10	-1.0400858631807707e-25	2.984126451578167e-26	554.024078
2.0119094848632812	2.9052206128484887e+25	1.201680667154527e+19	554.039306
-4.684385102038391e-10	-276502249472.0	-6.978087670822437e+23	554.059295
2.4322718049481285e+24	16876560.0	-6.978085509094616e+23	554.069519
-3.874815548571604e-34	-1.795195458953458e-07	10929227.0	554.084503
-3.874827946363585e-34	1.0957003533651477e-11	-1210505.0	554.119537
2.011918306350708	6.348125398169375e-30	-7.690758380851298e+20	554.129608
2.0119125843048096	1.0956647047977164e-11	4.900833538387819e-37	554.149719
7.008874529013438e-41	-3.851859888774472e-34	2.9841242945366295e-26	554.169921
7.008874529013438e-41	-3.851859888774472e-34	2.9841242945366295e-26	554.174743
-4.684379550923268e-10	2.9128227466655653e+25	-1210504.75	554.184967
-4.684379550923268e-10	2.9128227466655653e+25	-1210504.75	554.235229
7.004950893313328e-41	-3.851859888774472e-34	-7.690755566101531e+20	554.245147
-4.684379550923268e-10	7.819049022483435e+33	-1210505.625	554.280334
2.0119240283966064	-1.790480439467501e-07	8.518174305906223e+19	554.290374
-4.684334031779258e-10	-6.687513054007873e-16	-0.002544657327234745	554.31546
2.011918306350708	16876212.0	-7.690756973476415e+20	554.320465
2.0119175910949707	-1.790480439467501e-07	5.4118910806955355e+34	554.350677
2.0119175910949707	-1.790480439467501e-07	5.4118910806955355e+34	554.355682
2.0119199752807617	6.348125398169375e-30	-1.5531362862475362e-07	554.385833
2.011928081512451	-275426115584.0	-6.978087670822437e+23	554.400848
7.002148296384678e-41	-274877906944.0	8.064345397829294e+26	554.415893
-1.0446413966751489e+34	-4.77242734548125e+29	-0.0025446584913879633	554.425994
9.919527804343306e-32	-4.772460590941289e+29	10929225.0	554.431213
2.011932611465454	-276495663104.0	2.002612948387312e-18	554.456146
2.011911153793335	-1.790480439467501e-07	2.426775891350985e-09	554.461425
2.432254222895183e+24	-1.0400983123919312e-25	8.06434687356882e+26	554.486267
-4.684398424714686e-10	2.905266960292974e+25	1.1544272899627686	554.501525
-1.0446431297912039e+34	-1.7951876429833646e-07	1.201681216910341e+19	554.521453
-1.0446431297912039e+34	-1.7951876429833646e-07	1.201681216910341e+19	554.526611
2.432248170057284e+24	6.348256301220283e-30	-8.456078266161725e+32	554.536621
7.012658034867115e-41	6.310887241768095e-30	-0.00014092134370002896	554.551666
-4.684332366444721e-10	6.348180317265446e-30	179064422400.0	554.586791
2.432266905031734e+24	2.905290249307367e+25	8.518169907859712e+19	554.62207
-4.684381216257805e-10	6.323528413977289e-30	4.910392154513913e+37	554.67218
-4.684381216257805e-10	6.323528413977289e-30	4.910392154513913e+37	554.677185
2.4322493229787887e+24	-6.687566522962669e-16	1.2016804472522015e+19	554.687255
2.4322473053661556e+24	1.0956908991222036e-11	-5.138896428348546e-31	554.692413
2.0119264125823975	-3.874588255718613e-34	4.910390126272953e+37	554.717346
-4.68438732248444e-10	1.0928399678256095e-11	-2.444595379390876e-22	554.722595
-4.68438732248444e-10	1.0928399678256095e-11	-2.444595379390876e-22	554.727447
2.011915922164917	-4.759913452090964e+29	-2.314353415738845e-15	554.737426
-4.684373999808145e-10	16876358.0	-2.0998912244468704e-12	554.762634
7.003969984388301e-41	2.350988701644575e-38	3.2888919085837464e-29	554.79779
2.432254222895183e+24	-276505559040.0	8.064345397829294e+26	554.802764
-4.68435124023614e-10	-276502249472.0	8.064345397829294e+26	554.81781
2.0119216442108154	-3.859541928028088e-34	-3.1365326036104277e-35	554.837951
7.00789362008841e-41	-274877906944.0	-2.099891874968174e-12	554.843078
-4.684370114027558e-10	16876358.0	-3.1365331775822787e-35	554.878143
-4.684375665142682e-10	2.905266960292974e+25	8.518169907859712e+19	554.898223
2.011923313140869	-1030.042236328125	-2.0998903570851324e-12	554.928405
2212126785536.0	-4.772470791252892e+29	5.411890090343504e+34	554.978576
-4.684370114027558e-10	6.323528413977289e-30	-3.1365337515541297e-35	554.998687
2.0119166374206543	-275421921280.0	3.288894315996177e-29	555.008758
-3.874809120086873e-34	-4.7600687235009206e+29	-2.314353415738845e-15	555.054046
2.011918306350708	16876212.0	-7.690756973476415e+20	555.064086
9.91951957588285e-32	2.912878778650689e+25	5.411888604815457e+34	555.074066
2.011915922164917	-1.7951370523405785e-07	-2.3143538392553188e-15	555.114501
2.011915922164917	-1.7951370523405785e-07	-2.3143538392553188e-15	555.119293
-3.8748187628139695e-34	7.81917900618756e+33	2.2071402194707798e-21	555.129302
9.919551314230323e-32	2.912878778650689e+25	8.518169907859712e+19	555.184722
2.0119166374206543	16810420.0	3.2888934132165155e-29	555.224884
-1.0446490719033924e+34	2.912858487232208e+25	2.2071388058320377e-21	555.239807
-4.684373999808145e-10	6.348276613762665e-30	-2.0998916581277394e-12	555.249908
-3.8748123343292384e-34	1.0957003533651477e-11	5.411889595167488e+34	555.254943
-3.8748123343292384e-34	2.9052206128484887e+25	5.411888604815457e+34	555.320434
-1.044648205345365e+34	-6.67024787556487e-16	10929220.0	555.340637
-1.044651547783471e+34	-1.7951876429833646e-07	-1210505.375	555.345611
2.011911153793335	2.9052206128484887e+25	2.4267747811279605e-09	555.380554
2.011918306350708	-1.0360221201832345e-25	-7.690760491913624e+20	555.395629
-4.684371779362095e-10	1.0928399678256095e-11	-5.1611801101374515e+28	555.450836
2.4322620051153393e+24	-276505559040.0	-1.5531364283560833e-07	555.476104
7.000186478534624e-41	16777216.0	-170769.109375	555.486206
2.011932611465454	6.348317991163814e-30	2.0026127415921587e-18	555.516143
-4.68435124023614e-10	-1.0400858631807707e-25	8.06434687356882e+26	555.536437
-4.68435124023614e-10	-1.0400858631807707e-25	8.06434687356882e+26	555.541595
2.0119152069091797	6.323377198384e-30	0.16285814344882965	555.551574
2.0119118690490723	16875956.0	-3.448654699656921e-23	555.586639
2.0119152069091797	16810420.0	0.16285811364650726	555.611633
-4.6843945389341e-10	-4.772368788136862e+29	5.71644882964193e+27	555.616699
9.919511347422395e-32	1.095703215658883e-11	-2.3143532039806083e-15	555.641784
-3.874799936537257e-34	-1.7905388460803806e-07	2.426775891350985e-09	555.65686
-3.874837129913201e-34	-4.7724481238937744e+29	3.473979336130193e-36	555.681976
-4.684366228246972e-10	-1.0400858631807707e-25	-1.5531367125731776e-07	555.691955
2.0119102001190186	-3.8594831533105466e-34	-170769.078125	555.707214
2.0119192600250244	1.092822533854676e-11	10929224.0	555.722137
2.011928081512451	-3.874529481001072e-34	-6.978084067942735e+23	555.737274
2.0119125843048096	-6.687406645493874e-16	4.900831744725785e-37	555.752349
2.432272957869633e+24	1.0956908991222036e-11	-2.444595379390876e-22	555.777526
-1.0446506812254435e+34	-1.7951876429833646e-07	8.518174305906223e+19	555.802551
2.0119071006774902	6.348125398169375e-30	3.6161772120919456e-17	555.807586
2.011908531188965	-3.8594831533105466e-34	-8.456075171311627e+32	555.822631
2.011929750442505	16875956.0	9916455936.0	555.837677
2.0119125843048096	-6.670059410734106e-16	4.900831744725785e-37	555.857788
-3.874834374848316e-34	-6.6876242270822e-16	-2.444594369648917e-22	555.903015
-4.684362342466386e-10	-275428507648.0	-7.69075908453874e+20	555.908203
2.0119078159332275	-1.790480439467501e-07	-5.138897838941767e-31	555.923187
-4.684337917559844e-10	-6.687513054007873e-16	-5.138894547557584e-31	555.928283
-4.684337917559844e-10	-6.687513054007873e-16	-5.138894547557584e-31	555.933166
-1.0446490719033924e+34	2.9053027008596167e+25	2.2071388058320377e-21	556.018524
2.011913537979126	-3.859541928028088e-34	8.064341708480479e+26	556.03366
2.432259987502706e+24	6.348256301220283e-30	-7.690758380851298e+20	556.053771
-4.68438732248444e-10	-4.772368788136862e+29	-2.4445956318263656e-22	556.058959
7.003129205309706e-41	-3.851859888774472e-34	0.16285808384418488	556.078857
7.009715308092032e-41	16777216.0	4.910391140393433e+37	556.124298
2.0119216442108154	6.323473494881219e-30	-3.1365337515541297e-35	556.129089
2.0119118690490723	6.348221694666595e-30	-3.448655330745645e-23	556.154357
-4.684375665142682e-10	-4.772368788136862e+29	8.518172546687618e+19	556.164215
2.0119290351867676	2.91277639922108e+25	-2.4445948745198966e-22	556.169342
2.011924982070923	-276495663104.0	2.984125835280585e-26	556.219635
2.011930465698242	1.092822533854676e-11	3.473978977397786e-36	556.234649
9.91950311896194e-32	-6.687641697136737e-16	-11460117790720.0	556.259643
2.432268922644367e+24	-1.790523356248741e-07	-1210505.375	556.290008
2.011913537979126	-276504051712.0	8.064345397829294e+26	556.299957
2.01192569732666	1.092822533854676e-11	-1210505.0	556.340057
-4.684377885588731e-10	-3.859575447984185e-34	2.9841242945366295e-26	556.39038
2212119707648.0	-4.772470791252892e+29	2.4267754472617753e-09	556.425506
2.432257105198945e+24	-4.772406944858044e+29	-2.314353415738845e-15	556.430694
2.432257105198945e+24	-4.772406944858044e+29	-2.314353415738845e-15	556.435546
-4.684375665142682e-10	1.0928399678256095e-11	8.518171667078316e+19	556.445617
2.0119199752807617	6.348125398169375e-30	-1.5531362862475362e-07	556.460723
-4.6843584566858e-10	6.348276613762665e-30	3.288894015069623e-29	556.480834
2.0119216442108154	16810932.0	-3.1365331775822787e-35	556.516113
2.4322562405078163e+24	-1.0400983123919312e-25	0.16285818815231323	556.526031
-4.684355126016726e-10	16876614.0	0.16285811364650726	556.531005
-4.684355126016726e-10	16876614.0	0.16285811364650726	556.535949
9.919507820939342e-32	-3.874733355802543e-34	0.16285808384418488	556.58139
-4.684371779362095e-10	-1.7905090032854787e-07	-5.161181526847396e+28	556.60144
-4.684352905570677e-10	-6.687513054007873e-16	-11460117790720.0	556.62149
2.0119223594665527	-4.759913452090964e+29	-5.1611805823741e+28	556.651519
-4.684368448693021e-10	-4.7599893877440084e+29	2.207139411677213e-21	556.676971
2.4322550875863117e+24	-4.772406944858044e+29	-11460123033600.0	556.686767
9.919543085769867e-32	2.912878778650689e+25	-5.161179165664155e+28	556.706817
2.011918306350708	-276495663104.0	-7.69075908453874e+20	556.732208
-4.260397682948008e-22	2.912891230202939e+25	-2.3143527804641347e-15	556.742248
-4.260408285238574e-22	1.0957078994122682e-11	2.207139209728821e-21	556.757171
-4.684368448693021e-10	2.905266960292974e+25	2.2071388058320377e-21	556.782531
-4.684368448693021e-10	2.905266960292974e+25	2.2071388058320377e-21	556.787261
-4.260408285238574e-22	2.912891230202939e+25	2.2071388058320377e-21	556.802307
2.0119166374206543	6.348029101672156e-30	3.288894015069623e-29	556.847503
-1.0401370158800936e-25	-4.7725010143983825e+29	5.411890090343504e+34	556.857482
-4.2604148485613055e-22	1.0957078994122682e-11	8.518171667078316e+19	556.913024
2.4322660403406055e+24	-276505559040.0	-2.099891874968174e-12	556.968017
2.0119175910949707	2.91277639922108e+25	5.411888604815457e+34	557.003417
-1.0446503098434317e+34	6.348296926305047e-30	-2.0998916581277394e-12	557.023498
2.0119102001190186	6.348029101672156e-30	-170769.140625	557.048431
2.0119166374206543	-1026.026611328125	3.2888922095103e-29	557.053527
2.011918306350708	16876468.0	-7.690756973476415e+20	557.073822
-1.0446506812254435e+34	-4.77242734548125e+29	8.518172546687618e+19	557.083618
2.0119142532348633	-4.7722928524838176e+29	-11460123033600.0	557.093719
2.0119175910949707	-4.759913452090964e+29	5.411890090343504e+34	557.103881
2.011929750442505	-3.874588255718613e-34	9916453888.0	557.128814
9.919567771151234e-32	1.095703215658883e-11	1.72023106870256e-08	557.134033
-4.684356791351263e-10	1.09568213876865e-11	-2.3143532039806083e-15	557.148895
6.998364790531001e-41	-3.851859888774472e-34	3.6161758886029655e-17	557.204345
-4.684371779362095e-10	-6.687513054007873e-16	-5.161178221190858e+28	557.224304
-3.87484218086549e-34	-6.6876242270822e-16	-81235581861888.0	557.234649
-3.87484218086549e-34	-6.6876242270822e-16	-81235581861888.0	557.23941
6.998364790531001e-41	-274877906944.0	3.6161775429641906e-17	557.254486
-1.0446405301171214e+34	-4.760047945088396e+29	-1.2600538531186767e+25	557.269622
2.0119264125823975	-3.874588255718613e-34	4.910390126272953e+37	557.284576
2.0119192600250244	-6.687406645493874e-16	10929220.0	557.309661
2.011903762817383	16875956.0	-3.560159897940595e-39	557.319824
2.0119094848632812	2.9052206128484887e+25	1.201680667154527e+19	557.324707
2.0119240283966064	1.0956647047977164e-11	8.518171667078316e+19	557.335052
2.432266905031734e+24	1.0956908991222036e-11	8.518171667078316e+19	557.359924
2.0119054317474365	-275426115584.0	179064438784.0	557.374969
2.0119054317474365	-275426115584.0	179064438784.0	557.380096
2212140941312.0	0.002941262209787965	3.473981488524634e-36	557.405273
2.0119102001190186	-3.8594831533105466e-34	-170769.078125	557.435424
2.011918306350708	16876212.0	-7.690756973476415e+20	557.445343
-4.684399534937711e-10	-3.874621775674711e-34	-4.682912946961358e+31	557.455322
-4.684375665142682e-10	-1.7905090032854787e-07	8.518174305906223e+19	557.465606
7.014339593024304e-41	-274877906944.0	-4.682915364812997e+31	557.505584
2.0119199752807617	-3.874588255718613e-34	-1.5531357178133476e-07	557.525939
2.0119125843048096	2.91277639922108e+25	4.900832641556802e-37	557.545867
2.4322778577860277e+24	2.9128460356799583e+25	-81235598639104.0	557.565948
2.4322473053661556e+24	1.0956908991222036e-11	-5.138896428348546e-31	557.591125
2.0119166374206543	-3.874647030436154e-34	3.288892811363408e-29	557.611114
2.011928081512451	-276499857408.0	-6.978087670822437e+23	557.631225
2.4322452877535225e+24	-1.7778601291991933e+21	-0.0025446568615734577	557.64627
2.0119175910949707	-1.790480439467501e-07	5.4118910806955355e+34	557.656463
2.0119175910949707	-1.790480439467501e-07	5.4118910806955355e+34	557.661346
2.4322778577860277e+24	7.819111538455419e+33	-81235657359360.0	557.681427
-3.874802691602142e-34	-1.795195458953458e-07	4.900834883634345e-37	557.711547
2.0119314193725586	-276499857408.0	-0.00014092135825194418	557.726745
2.011930465698242	-1.7951370523405785e-07	3.4739800535950066e-36	557.787078
2.011930465698242	-1.7951370523405785e-07	3.4739800535950066e-36	557.7918999999999
2.0119152069091797	-1.0400768652360705e-25	0.16285818815231323	557.802062
2.0119264125823975	16875956.0	4.910391140393433e+37	557.827209
2.011924982070923	16810420.0	2.9841249108342117e-26	557.852386
2.011913537979126	-3.874588255718613e-34	8.064341708480479e+26	557.857238
-1.0446456056712824e+34	-1.7951876429833646e-07	-11460125130752.0	557.86737
2.432263158036844e+24	1.0928487281791632e-11	2.207139209728821e-21	557.892364
2.011928081512451	16810676.0	-6.978085509094616e+23	557.902557
2.4322530699736786e+24	-1.7951799691218184e-07	4.900834883634345e-37	557.917816
7.008874529013438e-41	6.310887241768095e-30	2.984125527131794e-26	557.942596
2.4322550875863117e+24	1.0956908991222036e-11	-11460121985024.0	557.972778
-1.044644739113255e+34	-4.77242734548125e+29	4.900833986803328e-37	557.977783
2.4322620051153393e+24	-3.87466815260027e-34	-1.5531357178133476e-07	557.987854
-4.684371779362095e-10	-4.7599893877440084e+29	-5.1611805823741e+28	558.007934
2.4322550875863117e+24	-4.772406944858044e+29	-11460123033600.0	558.02304
7.011677125942087e-41	6.310887241768095e-30	9916457984.0	558.058258
2.432257969890073e+24	-276505559040.0	3.288894315996177e-29	558.083557
2.011920928955078	-4.759913452090964e+29	2.207139411677213e-21	558.1135859999999
7.003129205309706e-41	-1.0339757656912846e-25	0.16285818815231323	558.12857
-4.684362342466386e-10	16876614.0	-7.690756973476415e+20	558.148803
2.432266905031734e+24	2.905290249307367e+25	8.518169907859712e+19	558.173767
2.011913537979126	16875956.0	8.064343184220005e+26	558.183807
-4.684373999808145e-10	-3.859575447984185e-34	-2.0998907907660014e-12	558.218963
2.4322620051153393e+24	-3.859621824909745e-34	-1.5531357178133476e-07	558.234008
-4.6843584566858e-10	6.348276613762665e-30	3.288894015069623e-29	558.25418
2212132028416.0	-4.772470791252892e+29	-5.1611805823741e+28	558.26419
-1.0446461008472981e+34	6.348296926305047e-30	0.16285814344882965	558.314392
-1.0446490719033924e+34	2.9053027008596167e+25	2.2071388058320377e-21	558.329467
2.4322620051153393e+24	16811024.0	-1.553136002030442e-07	558.339599
2.0119199752807617	-1.040061088017966e-25	-1.5531367125731776e-07	558.399932
2.0119199752807617	-1.040061088017966e-25	-1.5531367125731776e-07	558.40512
-4.684362342466386e-10	16810822.0	-7.690756973476415e+20	558.445007
-1.0446490719033924e+34	-6.67024787556487e-16	2.207138401935254e-21	558.455108
9.919527804343306e-32	2.912878778650689e+25	10929222.0	558.480468
9.919527804343306e-32	2.912878778650689e+25	10929222.0	558.485351
2.0119192600250244	-1.7951370523405785e-07	10929227.0	558.515411
-3.874815548571604e-34	-1.795195458953458e-07	10929227.0	558.525421
2212128620544.0	1.0957055575355756e-11	10929224.0	558.530487
2.011924982070923	16810676.0	2.9841249108342117e-26	558.565704
2.0119166374206543	6.348221694666595e-30	3.288894015069623e-29	558.646087
9.919567771151234e-32	1.095703215658883e-11	1.72023106870256e-08	558.686309
-4.684345689121017e-10	2.9128227466655653e+25	2.4267747811279605e-09	558.72644
-3.87482473212122e-34	-4.7724481238937744e+29	8.518172546687618e+19	558.731597
2.0119175910949707	-1.7732059404592826e+21	5.411886624111394e+34	558.78659
-4.684385102038391e-10	-1.0400858631807707e-25	-6.978089111974318e+23	558.846984
-4.684368448693021e-10	1.09568213876865e-11	2.207139209728821e-21	558.862213
-4.684368448693021e-10	1.09568213876865e-11	2.207139209728821e-21	558.867004
2.011911153793335	2.91277639922108e+25	2.4267747811279605e-09	558.882202
2.0119166374206543	-276499857408.0	3.288894315996177e-29	558.892181
2.0119166374206543	-276499857408.0	3.288894315996177e-29	558.89743
2.0119166374206543	-3.8594831533105466e-34	3.288892811363408e-29	558.927551
2.011908531188965	6.323377198384e-30	-8.456078266161725e+32	558.98764
2.0119125843048096	-6.687406645493874e-16	4.900831744725785e-37	559.032897
-4.684352905570677e-10	-1.7905090032854787e-07	-11460125130752.0	559.053039
2.0119192600250244	-4.7722928524838176e+29	10929225.0	559.083221
2.0119094848632812	-4.759913452090964e+29	1.2016809970080154e+19	559.093322
-4.684343468674967e-10	6.348180317265446e-30	-170769.140625	559.1484370000001
2.0119166374206543	6.348125398169375e-30	3.288894015069623e-29	559.198669
2.0119216442108154	6.323377198384e-30	-3.1365337515541297e-35	559.223937
-4.6843945389341e-10	-1.795165616158556e-07	5.716450010233551e+27	559.233795
-4.6843945389341e-10	-1.795165616158556e-07	5.716450010233551e+27	559.238769
-4.6843584566858e-10	16876358.0	3.2888934132165155e-29	559.3092340000001
-4.684360677131849e-10	2.9128227466655653e+25	5.411888604815457e+34	559.339355
2.432263158036844e+24	1.0956908991222036e-11	2.207139209728821e-21	559.384674
2.0119264125823975	-275426115584.0	4.910392661574153e+37	559.409637
2.0119142532348633	-1.7951370523405785e-07	-11460125130752.0	559.434875
