50	50	50	50	1878.418487
50	50	50	50	1878.423522
50	50	50	50	1878.438507
50	50	50	50	1878.458587
50	50	50	50	1878.468811
50	50	50	50	1878.4890129999999
50	50	50	50	1878.493774
50	50	50	50	1878.5038749999999
50	50	50	50	1878.5139159999999
50	50	50	50	1878.528961
50	50	50	50	1878.543975
50	50	50	50	1878.6044
50	50	50	50	1878.629486
50	50	50	50	1878.639404
50	50	50	50	1878.649475
50	50	50	50	1878.659545
50	50	50	50	1878.674591
50	50	50	50	1878.6947930000001
50	50	50	50	1878.709777
50	50	50	50	1878.754852
50	50	50	50	1878.765045
50	50	50	50	1878.775054
50	50	50	50	1878.785003
50	50	50	50	1878.81018
50	50	50	50	1878.825378
50	50	50	50	1878.835235
50	50	50	50	1878.845397
50	50	50	50	1878.860504
50	50	50	50	1878.8754880000001
50	50	50	50	1878.885833
50	50	50	50	1878.895568
50	50	50	50	1878.9105829999999
50	50	50	50	1878.920684
50	50	50	50	1878.935729
50	50	50	50	1878.980804
50	50	50	50	1878.99591
50	50	50	50	1879.006103
50	50	50	50	1879.016296
50	50	50	50	1879.031127
50	50	50	50	1879.041107
50	50	50	50	1879.046386
50	50	50	50	1879.056243
50	50	50	50	1879.071228
50	50	50	50	1879.076293
50	50	50	50	1879.106384
50	50	50	50	1879.121734
50	50	50	50	1879.136535
50	50	50	50	1879.146606
50	50	50	50	1879.1716609999999
50	50	50	50	1879.186737
50	50	50	50	1879.191711
50	50	50	50	1879.211914
50	50	50	50	1879.231933
50	50	50	50	1879.236938
50	50	50	50	1879.247314
50	50	50	50	1879.257049
50	50	50	50	1879.277221
50	50	50	50	1879.292266
50	50	50	50	1879.302185
50	50	50	50	1879.312438
50	50	50	50	1879.327545
50	50	50	50	1879.3323970000001
50	50	50	50	1879.342468
50	50	50	50	1879.3624869999999
50	50	50	50	1879.377807
50	50	50	50	1879.42279
50	50	50	50	1879.427825
50	50	50	50	1879.437866
50	50	50	50	1879.457946
50	50	50	50	1879.467987
50	50	50	50	1879.478179
50	50	50	50	1879.498046
50	50	50	50	1879.5083
50	50	50	50	1879.528533
50	50	50	50	1879.5383299999999
50	50	50	50	1879.548339
50	50	50	50	1879.563354
50	50	50	50	1879.598541
50	50	50	50	1879.623596
50	50	50	50	1879.638854
50	50	50	50	1879.653747
50	50	50	50	1879.663787
50	50	50	50	1879.67398
50	50	50	50	1879.683929
50	50	50	50	1879.698974
50	50	50	50	1879.71405
50	50	50	50	1879.729217
50	50	50	50	1879.739318
50	50	50	50	1879.75415
50	50	50	50	1879.7694999999999
50	50	50	50	1879.789337
50	50	50	50	1879.8045339999999
50	50	50	50	1879.824493
50	50	50	50	1879.8347469999999
50	50	50	50	1879.879974
50	50	50	50	1879.8898920000001
50	50	50	50	1879.899963
50	50	50	50	1879.914825
50	50	50	50	1879.924957
50	50	50	50	1879.940032
50	50	50	50	1879.950012
50	50	50	50	1879.960083
50	50	50	50	1879.9702750000001
50	50	50	50	1879.98526
50	50	50	50	1880.000427
50	50	50	50	1880.015319
50	50	50	50	1880.025299
50	50	50	50	1880.040466
50	50	50	50	1880.050567
50	50	50	50	1880.060455
50	50	50	50	1880.065643
50	50	50	50	1880.080566
50	50	50	50	1880.0958249999999
50	50	50	50	1880.1007690000001
50	50	50	50	1880.120758
50	50	50	50	1880.1258229999999
50	50	50	50	1880.150909
50	50	50	50	1880.171295
50	50	50	50	1880.196563
50	50	50	50	1880.206146
50	50	50	50	1880.216247
50	50	50	50	1880.2263480000001
50	50	50	50	1880.236236
50	50	50	50	1880.251403
50	50	50	50	1880.261474
50	50	50	50	1880.276519
50	50	50	50	1880.286376
50	50	50	50	1880.301544
50	50	50	50	1880.316558
50	50	50	50	1880.326751
50	50	50	50	1880.336669
50	50	50	50	1880.3569029999999
50	50	50	50	1880.366821
50	50	50	50	1880.371856
50	50	50	50	1880.386871
50	50	50	50	1880.437042
50	50	50	50	1880.462249
50	50	50	50	1880.477264
50	50	50	50	1880.482269
50	50	50	50	1880.497375
50	50	50	50	1880.5123899999999
50	50	50	50	1880.527496
50	50	50	50	1880.542541
50	50	50	50	1880.557586
50	50	50	50	1880.567749
50	50	50	50	1880.577697
50	50	50	50	1880.592834
50	50	50	50	1880.607788
50	50	50	50	1880.622894
50	50	50	50	1880.627868
50	50	50	50	1880.642944
50	50	50	50	1880.653259
50	50	50	50	1880.673095
50	50	50	50	1880.693267
50	50	50	50	1880.703277
50	50	50	50	1880.7135309999999
50	50	50	50	1880.723358
50	50	50	50	1880.733551
50	50	50	50	1880.748535
50	50	50	50	1880.768524
50	50	50	50	1880.783752
50	50	50	50	1880.7935790000001
50	50	50	50	1880.80368
50	50	50	50	1880.814147
50	50	50	50	1880.833862
50	50	50	50	1880.8640129999999
50	50	50	50	1880.868927
50	50	50	50	1880.879089
50	50	50	50	1880.884033
50	50	50	50	1880.899261
50	50	50	50	1880.9143060000001
50	50	50	50	1880.924316
50	50	50	50	1880.934326
50	50	50	50	1880.974487
50	50	50	50	1880.984436
50	50	50	50	1881.014709
50	50	50	50	1881.024627
50	50	50	50	1881.039642
50	50	50	50	1881.05487
50	50	50	50	1881.064727
50	50	50	50	1881.084899
50	50	50	50	1881.09497
50	50	50	50	1881.104949
50	50	50	50	1881.129974
50	50	50	50	1881.135192
50	50	50	50	1881.155456
50	50	50	50	1881.175476
50	50	50	50	1881.180267
50	50	50	50	1881.190307
50	50	50	50	1881.210388
50	50	50	50	1881.230407
50	50	50	50	1881.235778
50	50	50	50	1881.255676
50	50	50	50	1881.270812
50	50	50	50	1881.285736
50	50	50	50	1881.295959
50	50	50	50	1881.3057549999999
50	50	50	50	1881.325836
50	50	50	50	1881.336212
50	50	50	50	1881.346008
50	50	50	50	1881.355957
50	50	50	50	1881.366333
50	50	50	50	1881.381195
50	50	50	50	1881.391082
50	50	50	50	1881.406188
50	50	50	50	1881.42633
50	50	50	50	1881.441497
50	50	50	50	1881.451385
50	50	50	50	1881.461608
50	50	50	50	1881.481597
50	50	50	50	1881.496856
50	50	50	50	1881.516693
50	50	50	50	1881.5267939999999
50	50	50	50	1881.546844
50	50	50	50	1881.5622250000001
50	50	50	50	1881.571929
50	50	50	50	1881.597198
50	50	50	50	1881.617156
50	50	50	50	1881.652313
50	50	50	50	1881.657409
50	50	50	50	1881.6925959999999
50	50	50	50	1881.712493
50	50	50	50	1881.722534
50	50	50	50	1881.732543
50	50	50	50	1881.747619
50	50	50	50	1881.757904
50	50	50	50	1881.772735
50	50	50	50	1881.782867
50	50	50	50	1881.8029470000001
50	50	50	50	1881.818115
50	50	50	50	1881.8430779999999
50	50	50	50	1881.873168
50	50	50	50	1881.878356
50	50	50	50	1881.893249
50	50	50	50	1881.908355
50	50	50	50	1881.923583
50	50	50	50	1881.938598
50	50	50	50	1881.958587
50	50	50	50	1881.973602
50	50	50	50	1881.993774
50	50	50	50	1881.99884
50	50	50	50	1882.0088190000001
50	50	50	50	1882.019073
50	50	50	50	1882.043945
50	50	50	50	1882.059143
50	50	50	50	1882.074096
50	50	50	50	1882.089111
50	50	50	50	1882.094329
50	50	50	50	1882.114227
50	50	50	50	1882.134338
50	50	50	50	1882.1545409999999
50	50	50	50	1882.164398
50	50	50	50	1882.189666
50	50	50	50	1882.199584
50	50	50	50	1882.209655
50	50	50	50	1882.219848
50	50	50	50	1882.23468
50	50	50	50	1882.244842
50	50	50	50	1882.285034
50	50	50	50	1882.2901
50	50	50	50	1882.315429
50	50	50	50	1882.32019
50	50	50	50	1882.350341
50	50	50	50	1882.37033
50	50	50	50	1882.395416
50	50	50	50	1882.400512
50	50	50	50	1882.410675
50	50	50	50	1882.44577
50	50	50	50	1882.4609679999999
50	50	50	50	1882.470733
50	50	50	50	1882.485839
50	50	50	50	1882.490814
50	50	50	50	1882.5110770000001
50	50	50	50	1882.5259700000001
50	50	50	50	1882.53598
50	50	50	50	1882.576324
50	50	50	50	1882.626464
50	50	50	50	1882.636413
50	50	50	50	1882.686614
50	50	50	50	1882.696685
50	50	50	50	1882.711822
50	50	50	50	1882.726837
50	50	50	50	1882.751983
50	50	50	50	1882.772338
50	50	50	50	1882.787139
50	50	50	50	1882.8122250000001
50	50	50	50	1882.8323970000001
50	50	50	50	1882.8423149999999
50	50	50	50	1882.8624869999999
50	50	50	50	1882.882568
50	50	50	50	1882.897613
50	50	50	50	1882.912597
50	50	50	50	1882.927642
50	50	50	50	1882.9478450000001
50	50	50	50	1882.9577629999999
50	50	50	50	1882.9729
50	50	50	50	1882.987976
50	50	50	50	1883.003082
50	50	50	50	1883.013122
50	50	50	50	1883.038177
50	50	50	50	1883.063537
50	50	50	50	1883.083374
50	50	50	50	1883.098571
50	50	50	50	1883.113525
50	50	50	50	1883.1437369999999
50	50	50	50	1883.168731
50	50	50	50	1883.178802
50	50	50	50	1883.188781
50	50	50	50	1883.2139280000001
50	50	50	50	1883.249053
50	50	50	50	1883.264251
50	50	50	50	1883.279144
50	50	50	50	1883.289215
50	50	50	50	1883.299285
50	50	50	50	1883.304443
50	50	50	50	1883.324523
50	50	50	50	1883.3445729999999
50	50	50	50	1883.364532
50	50	50	50	1883.379547
50	50	50	50	1883.389923
50	50	50	50	1883.399841
50	50	50	50	1883.4097590000001
50	50	50	50	1883.434906
50	50	50	50	1883.465118
50	50	50	50	1883.490051
50	50	50	50	1883.500152
50	50	50	50	1883.520355
50	50	50	50	1883.530334
50	50	50	50	1883.5503840000001
50	50	50	50	1883.575408
50	50	50	50	1883.600616
50	50	50	50	1883.615875
50	50	50	50	1883.6257620000001
50	50	50	50	1883.6708979999999
50	50	50	50	1883.68106
50	50	50	50	1883.8868400000001
50	50	50	50	1883.901947
50	50	50	50	1883.9219659999999
50	50	50	50	1883.931945
50	50	50	50	1883.947113
50	50	50	50	1883.967163
50	50	50	50	1883.982299
50	50	50	50	1883.992279
50	50	50	50	1884.0023489999999
50	50	50	50	1884.007476
50	50	50	50	1884.027709
50	50	50	50	1884.042633
50	50	50	50	1884.057586
50	50	50	50	1884.072784
50	50	50	50	1884.092651
50	50	50	50	1884.112854
50	50	50	50	1884.128082
50	50	50	50	1884.163024
50	50	50	50	1884.1781
50	50	50	50	1884.203308
50	50	50	50	1884.2132259999998
50	50	50	50	1884.2182
50	50	50	50	1884.2283929999999
50	50	50	50	1884.238464
50	50	50	50	1884.243347
50	50	50	50	1884.258392
50	50	50	50	1884.27359
50	50	50	50	1884.293518
50	50	50	50	1884.3087759999999
50	50	50	50	1884.313659
50	50	50	50	1884.338897
50	50	50	50	1884.363891
50	50	50	50	1884.383911
50	50	50	50	1884.4040519999999
50	50	50	50	1884.439239
50	50	50	50	1884.449218
50	50	50	50	1884.464447
50	50	50	50	1884.48944
50	50	50	50	1884.504486
50	50	50	50	1884.519531
50	50	50	50	1884.5446160000001
50	50	50	50	1884.559722
50	50	50	50	1884.574707
50	50	50	50	1884.595031
50	50	50	50	1884.609832
50	50	50	50	1884.624938
50	50	50	50	1884.650146
50	50	50	50	1884.660278
50	50	50	50	1884.675292
50	50	50	50	1884.740417
50	50	50	50	1884.760711
50	50	50	50	1884.7757259999998
50	50	50	50	1884.795959
50	50	50	50	1884.815765
50	50	50	50	1884.825958
50	50	50	50	1884.840911
50	50	50	50	1884.861022
50	50	50	50	1884.906188
50	50	50	50	1884.921417
50	50	50	50	1884.936248
50	50	50	50	1884.9463190000001
50	50	50	50	1884.961456
50	50	50	50	1884.981445
50	50	50	50	1884.986633
50	50	50	50	1885.011596
50	50	50	50	1885.0267020000001
50	50	50	50	1885.041778
50	50	50	50	1885.056823
50	50	50	50	1885.076995
50	50	50	50	1885.122161
50	50	50	50	1885.157318
50	50	50	50	1885.172302
50	50	50	50	1885.187438
50	50	50	50	1885.2177120000001
50	50	50	50	1885.237609
50	50	50	50	1885.25769
50	50	50	50	1885.302886
50	50	50	50	1885.322998
50	50	50	50	1885.338012
50	50	50	50	1885.353271
50	50	50	50	1885.363159
50	50	50	50	1885.383239
50	50	50	50	1885.3933710000001
50	50	50	50	1885.408569
50	50	50	50	1885.418334
50	50	50	50	1885.433532
50	50	50	50	1885.448486
50	50	50	50	1885.458526
50	50	50	50	1885.473693
50	50	50	50	1885.498779
50	50	50	50	1885.508911
50	50	50	50	1885.543945
50	50	50	50	1885.594207
50	50	50	50	1885.609222
50	50	50	50	1885.619293
50	50	50	50	1885.6395870000001
50	50	50	50	1885.649291
50	50	50	50	1885.6593619999999
50	50	50	50	1885.669555
50	50	50	50	1885.699584
50	50	50	50	1885.7147519999999
50	50	50	50	1885.739715
50	50	50	50	1885.749847
50	50	50	50	1885.759826
50	50	50	50	1885.795043
50	50	50	50	1885.8301390000001
50	50	50	50	1885.850219
50	50	50	50	1885.8654470000001
50	50	50	50	1885.8755489999999
50	50	50	50	1885.890319
50	50	50	50	1885.905487
50	50	50	50	1885.935516
50	50	50	50	1885.9505920000001
50	50	50	50	1885.960815
50	50	50	50	1885.990844
50	50	50	50	1886.005981
50	50	50	50	1886.0260309999999
50	50	50	50	1886.056152
50	50	50	50	1886.071166
50	50	50	50	1886.081268
50	50	50	50	1886.126556
50	50	50	50	1886.146453
50	50	50	50	1886.176605
50	50	50	50	1886.201782
50	50	50	50	1886.216796
50	50	50	50	1886.23706
50	50	50	50	1886.2619009999999
50	50	50	50	1886.282104
50	50	50	50	1886.312103
50	50	50	50	1886.322387
50	50	50	50	1886.352325
50	50	50	50	1886.362457
50	50	50	50	1886.372406
50	50	50	50	1886.3876639999999
50	50	50	50	1886.407592
50	50	50	50	1886.417724
50	50	50	50	1886.432708
50	50	50	50	1886.442779
50	50	50	50	1886.457824
50	50	50	50	1886.477996
50	50	50	50	1886.497985
50	50	50	50	1886.51831
50	50	50	50	1886.543212
50	50	50	50	1886.55841
50	50	50	50	1886.563293
50	50	50	50	1886.578338
50	50	50	50	1886.598724
50	50	50	50	1886.613525
50	50	50	50	1886.6636349999999
50	50	50	50	1886.678802
50	50	50	50	1886.693786
50	50	50	50	1886.703857
50	50	50	50	1886.71405
50	50	50	50	1886.728942
50	50	50	50	1886.7390129999999
50	50	50	50	1886.764099
50	50	50	50	1886.784179
50	50	50	50	1886.799346
50	50	50	50	1886.814605
50	50	50	50	1886.8243400000001
50	50	50	50	1886.844635
50	50	50	50	1886.859497
50	50	50	50	1886.879821
50	50	50	50	1886.894622
50	50	50	50	1886.904632
50	50	50	50	1886.924774
50	50	50	50	1886.929809
50	50	50	50	1886.94992
50	50	50	50	1886.96994
50	50	50	50	1887.000183
50	50	50	50	1887.020172
50	50	50	50	1887.025299
50	50	50	50	1887.035217
50	50	50	50	1887.0453790000001
50	50	50	50	1887.060394
50	50	50	50	1887.075531
50	50	50	50	1887.100524
50	50	50	50	1887.1156
50	50	50	50	1887.130615
50	50	50	50	1887.140838
50	50	50	50	1887.150695
50	50	50	50	1887.1958610000001
50	50	50	50	1887.211029
50	50	50	50	1887.251342
50	50	50	50	1887.26651
50	50	50	50	1887.3015129999999
50	50	50	50	1887.326446
50	50	50	50	1887.356567
50	50	50	50	1887.366821
50	50	50	50	1887.381774
50	50	50	50	1887.40686
50	50	50	50	1887.442047
50	50	50	50	1887.4520870000001
50	50	50	50	1887.472106
50	50	50	50	1887.497283
50	50	50	50	1887.507202
50	50	50	50	1887.527404
50	50	50	50	1887.557373
50	50	50	50	1887.577545
50	50	50	50	1887.592651
50	50	50	50	1887.607818
50	50	50	50	1887.62268
50	50	50	50	1887.642944
50	50	50	50	1887.658081
50	50	50	50	1887.6678769999999
50	50	50	50	1887.68811
50	50	50	50	1887.723236
50	50	50	50	1887.728363
50	50	50	50	1887.73822
50	50	50	50	1887.7432549999999
50	50	50	50	1887.7584219999999
50	50	50	50	1887.77835
50	50	50	50	1887.783355
50	50	50	50	1887.788421
50	50	50	50	1887.828552
50	50	50	50	1887.838623
50	50	50	50	1887.85382
50	50	50	50	1887.8587029999999
50	50	50	50	1887.889099
50	50	50	50	1887.8990469999999
50	50	50	50	1887.914001
50	50	50	50	1887.934112
50	50	50	50	1887.974182
50	50	50	50	1887.984436
50	50	50	50	1888.014465
50	50	50	50	1888.034637
50	50	50	50	1888.0496819999998
50	50	50	50	1888.0595389999999
50	50	50	50	1888.074554
50	50	50	50	1888.094757
50	50	50	50	1888.114959
50	50	50	50	1888.1250909999999
50	50	50	50	1888.150085
50	50	50	50	1888.175079
50	50	50	50	1888.190093
50	50	50	50	1888.2001030000001
50	50	50	50	1888.230255
50	50	50	50	1888.2604059999999
50	50	50	50	1888.270355
50	50	50	50	1888.2855829999999
50	50	50	50	1888.305633
50	50	50	50	1888.330688
50	50	50	50	1888.360809
50	50	50	50	1888.37091
50	50	50	50	1888.395965
50	50	50	50	1888.416076
50	50	50	50	1888.426086
50	50	50	50	1888.4413140000001
50	50	50	50	1888.466339
50	50	50	50	1888.481262
50	50	50	50	1888.501434
50	50	50	50	1888.516601
50	50	50	50	1888.5367430000001
50	50	50	50	1888.556701
50	50	50	50	1888.5766899999999
50	50	50	50	1888.5968619999999
50	50	50	50	1888.6071160000001
50	50	50	50	1888.617004
50	50	50	50	1888.6371450000001
50	50	50	50	1888.667236
50	50	50	50	1888.682189
50	50	50	50	1888.692291
50	50	50	50	1888.702484
50	50	50	50	1888.707244
50	50	50	50	1888.7223199999999
50	50	50	50	1888.752441
50	50	50	50	1888.767822
50	50	50	50	1888.7825619999999
50	50	50	50	1888.797729
50	50	50	50	1888.822784
50	50	50	50	1888.83786
50	50	50	50	1888.852905
50	50	50	50	1888.882995
50	50	50	50	1888.888183
50	50	50	50	1888.8982230000001
50	50	50	50	1888.918243
50	50	50	50	1888.9383229999999
50	50	50	50	1888.9635309999999
50	50	50	50	1888.9783929999999
50	50	50	50	1888.998931
50	50	50	50	1889.02359
50	50	50	50	1889.03366
50	50	50	50	1889.0640250000001
50	50	50	50	1889.073791
50	50	50	50	1889.0889889999999
50	50	50	50	1889.098937
50	50	50	50	1889.1140129999999
50	50	50	50	1889.129302
50	50	50	50	1889.144073
50	50	50	50	1889.164215
50	50	50	50	1889.189453
50	50	50	50	1889.214477
50	50	50	50	1889.234497
50	50	50	50	1889.249664
50	50	50	50	1889.264739
50	50	50	50	1889.284667
50	50	50	50	1889.3098439999999
50	50	50	50	1889.330047
50	50	50	50	1889.34497
50	50	50	50	1889.360076
50	50	50	50	1889.375213
50	50	50	50	1889.420532
50	50	50	50	1889.4353019999999
50	50	50	50	1889.450775
50	50	50	50	1889.4755850000001
50	50	50	50	1889.505706
50	50	50	50	1889.545806
50	50	50	50	1889.560852
50	50	50	50	1889.5759269999999
50	50	50	50	1889.5910330000002
50	50	50	50	1889.6111449999999
50	50	50	50	1889.6212150000001
50	50	50	50	1889.636199
50	50	50	50	1889.651519
50	50	50	50	1889.681549
50	50	50	50	1889.691528
50	50	50	50	1889.711608
50	50	50	50	1889.726531
50	50	50	50	1889.751708
50	50	50	50	1889.77185
50	50	50	50	1889.791992
50	50	50	50	1889.801879
50	50	50	50	1889.8370049999999
50	50	50	50	1889.842346
50	50	50	50	1889.867126
50	50	50	50	1889.887176
50	50	50	50	1889.9022519999999
50	50	50	50	1889.9173580000001
50	50	50	50	1889.942626
50	50	50	50	1889.962554
50	50	50	50	1889.992706
50	50	50	50	1890.012878
50	50	50	50	1890.037902
50	50	50	50	1890.078033
50	50	50	50	1890.0932
50	50	50	50	1890.108245
50	50	50	50	1890.118286
50	50	50	50	1890.1484679999999
50	50	50	50	1890.16336
50	50	50	50	1890.183563
50	50	50	50	1890.198547
50	50	50	50	1890.223663
50	50	50	50	1890.238739
50	50	50	50	1890.263854
50	50	50	50	1890.283935
50	50	50	50	1890.30899
50	50	50	50	1890.31903
50	50	50	50	1890.3343810000001
50	50	50	50	1890.349182
50	50	50	50	1890.419464
50	50	50	50	1890.44461
50	50	50	50	1890.469696
50	50	50	50	1890.489837
50	50	50	50	1890.499816
50	50	50	50	1890.519836
50	50	50	50	1890.530364
50	50	50	50	1890.549957
50	50	50	50	1890.565063
50	50	50	50	1890.575256
50	50	50	50	1890.590209
50	50	50	50	1890.605285
50	50	50	50	1890.61026
50	50	50	50	1890.6255489999999
50	50	50	50	1890.635437
50	50	50	50	1890.680511
50	50	50	50	1890.710632
50	50	50	50	1890.730712
50	50	50	50	1890.7560720000001
50	50	50	50	1890.776062
50	50	50	50	1890.791168
50	50	50	50	1890.806091
50	50	50	50	1890.826141
50	50	50	50	1890.846282
50	50	50	50	1890.861419
50	50	50	50	1890.936706
50	50	50	50	1890.941711
50	50	50	50	1890.961761
50	50	50	50	1890.9819029999999
50	50	50	50	1891.001861
50	50	50	50	1891.037017
50	50	50	50	1891.052246
50	50	50	50	1891.067169
50	50	50	50	1891.097595
50	50	50	50	1891.1225279999999
50	50	50	50	1891.142517
50	50	50	50	1891.1525259999999
50	50	50	50	1891.167633
50	50	50	50	1891.187744
50	50	50	50	1891.197723
50	50	50	50	1891.2328790000001
50	50	50	50	1891.24826
50	50	50	50	1891.258087
50	50	50	50	1891.2730099999999
50	50	50	50	1891.29306
50	50	50	50	1891.3182980000001
50	50	50	50	1891.333343
50	50	50	50	1891.348541
50	50	50	50	1891.378723
50	50	50	50	1891.388519
50	50	50	50	1891.408752
50	50	50	50	1891.4589230000001
50	50	50	50	1891.483917
50	50	50	50	1891.4992670000001
50	50	50	50	1891.519042
50	50	50	50	1891.529144
50	50	50	50	1891.549194
50	50	50	50	1891.569366
50	50	50	50	1891.58432
50	50	50	50	1891.604705
50	50	50	50	1891.619567
50	50	50	50	1891.6345820000001
50	50	50	50	1891.644592
50	50	50	50	1891.664642
50	50	50	50	1891.679748
50	50	50	50	1891.690002
50	50	50	50	1891.704986
50	50	50	50	1891.724884
50	50	50	50	1891.735076
50	50	50	50	1891.740295
50	50	50	50	1891.7550959999999
50	50	50	50	1891.765197
50	50	50	50	1891.7802729999999
50	50	50	50	1891.805267
50	50	50	50	1891.8102410000001
50	50	50	50	1891.825317
50	50	50	50	1891.840423
50	50	50	50	1891.860534
50	50	50	50	1891.8754880000001
50	50	50	50	1891.896026
50	50	50	50	1891.910644
50	50	50	50	1891.920776
50	50	50	50	1891.935821
50	50	50	50	1891.961151
50	50	50	50	1891.981201
50	50	50	50	1891.996154
50	50	50	50	1892.011199
50	50	50	50	1892.021209
50	50	50	50	1892.036224
50	50	50	50	1892.046264
50	50	50	50	1892.066406
50	50	50	50	1892.07135
50	50	50	50	1892.086364
50	50	50	50	1892.1015929999999
50	50	50	50	1892.111541
50	50	50	50	1892.131683
50	50	50	50	1892.161804
50	50	50	50	1892.186981
50	50	50	50	1892.192016
50	50	50	50	1892.201965
50	50	50	50	1892.216918
50	50	50	50	1892.232086
50	50	50	50	1892.242126
50	50	50	50	1892.252227
50	50	50	50	1892.282226
50	50	50	50	1892.29248
50	50	50	50	1892.30249
50	50	50	50	1892.32257
50	50	50	50	1892.34262
50	50	50	50	1892.367675
50	50	50	50	1892.382995
50	50	50	50	1892.392791
50	50	50	50	1892.433013
50	50	50	50	1892.457977
50	50	50	50	1892.488067
50	50	50	50	1892.5134269999999
50	50	50	50	1892.533355
50	50	50	50	1892.548553
50	50	50	50	1892.563507
50	50	50	50	1892.588592
50	50	50	50	1892.608612
50	50	50	50	1892.623992
50	50	50	50	1892.638702
50	50	50	50	1892.653808
50	50	50	50	1892.6688530000001
50	50	50	50	1892.679077
50	50	50	50	1892.719055
50	50	50	50	1892.739196
50	50	50	50	1892.764282
50	50	50	50	1892.804504
50	50	50	50	1892.819549
50	50	50	50	1892.829589
50	50	50	50	1892.844787
50	50	50	50	1892.864746
50	50	50	50	1892.8697809999999
50	50	50	50	1892.884857
50	50	50	50	1892.910095
50	50	50	50	1892.935089
50	50	50	50	1892.9501639999999
50	50	50	50	1892.965179
50	50	50	50	1892.980133
50	50	50	50	1892.990264
50	50	50	50	1892.9952389999999
50	50	50	50	1893.005462
50	50	50	50	1893.0154109999999
50	50	50	50	1893.045562
50	50	50	50	1893.080657
50	50	50	50	1893.105987
50	50	50	50	1893.1308589999999
50	50	50	50	1893.150909
50	50	50	50	1893.160949
50	50	50	50	1893.176086
50	50	50	50	1893.191131
50	50	50	50	1893.201293
50	50	50	50	1893.206085
50	50	50	50	1893.2263480000001
50	50	50	50	1893.23648
50	50	50	50	1893.246368
50	50	50	50	1893.266662
50	50	50	50	1893.2764889999999
50	50	50	50	1893.321655
50	50	50	50	1893.341735
50	50	50	50	1893.381866
50	50	50	50	1893.407043
50	50	50	50	1893.422088
50	50	50	50	1893.4372250000001
50	50	50	50	1893.447174
50	50	50	50	1893.462402
50	50	50	50	1893.48233
50	50	50	50	1893.502441
50	50	50	50	1893.527679
50	50	50	50	1893.542541
50	50	50	50	1893.567718
50	50	50	50	1893.577728
50	50	50	50	1893.593048
50	50	50	50	1893.6078790000001
50	50	50	50	1893.622985
50	50	50	50	1893.638
50	50	50	50	1893.652984
50	50	50	50	1893.683197
50	50	50	50	1893.72348
50	50	50	50	1893.7535699999999
50	50	50	50	1893.768524
50	50	50	50	1893.798675
50	50	50	50	1893.81369
50	50	50	50	1893.828918
50	50	50	50	1893.838897
50	50	50	50	1893.8544
50	50	50	50	1893.899078
50	50	50	50	1893.904113
50	50	50	50	1893.919311
50	50	50	50	1893.944274
50	50	50	50	1893.9593810000001
50	50	50	50	1893.96939
50	50	50	50	1893.97937
50	50	50	50	1893.994506
50	50	50	50	1894.019744
50	50	50	50	1894.024597
50	50	50	50	1894.034698
50	50	50	50	1894.0446160000001
50	50	50	50	1894.054779
50	50	50	50	1894.069915
50	50	50	50	1894.094848
50	50	50	50	1894.110015
50	50	50	50	1894.125
50	50	50	50	1894.145477
50	50	50	50	1894.170196
50	50	50	50	1894.1853019999999
50	50	50	50	1894.245666
50	50	50	50	1894.270751
50	50	50	50	1894.280822
50	50	50	50	1894.37622
50	50	50	50	1894.401245
50	50	50	50	1894.416259
50	50	50	50	1894.461456
50	50	50	50	1894.47174
50	50	50	50	1894.496551
50	50	50	50	1894.511779
50	50	50	50	1894.54187
50	50	50	50	1894.561859
50	50	50	50	1894.592102
50	50	50	50	1894.612091
50	50	50	50	1894.622161
50	50	50	50	1894.632324
50	50	50	50	1894.652282
50	50	50	50	1894.667449
50	50	50	50	1894.6773680000001
50	50	50	50	1894.697479
50	50	50	50	1894.707489
50	50	50	50	1894.71762
50	50	50	50	1894.737609
50	50	50	50	1894.74768
50	50	50	50	1894.767883
50	50	50	50	1894.7828359999999
50	50	50	50	1894.798034
50	50	50	50	1894.807891
50	50	50	50	1894.8480829999999
50	50	50	50	1894.863342
50	50	50	50	1894.873443
50	50	50	50	1894.893341
50	50	50	50	1894.913513
50	50	50	50	1894.9234609999999
50	50	50	50	1894.948486
50	50	50	50	1894.963806
50	50	50	50	1894.9837029999999
50	50	50	50	1894.9940179999999
50	50	50	50	1894.998718
50	50	50	50	1895.013793
50	50	50	50	1895.01892
50	50	50	50	1895.033966
50	50	50	50	1895.039001
50	50	50	50	1895.059143
50	50	50	50	1895.0691219999999
50	50	50	50	1895.089141
50	50	50	50	1895.099121
50	50	50	50	1895.114318
50	50	50	50	1895.134368
50	50	50	50	1895.159637
50	50	50	50	1895.174499
50	50	50	50	1895.199707
50	50	50	50	1895.209594
50	50	50	50	1895.259826
50	50	50	50	1895.290161
50	50	50	50	1895.300079
50	50	50	50	1895.320312
50	50	50	50	1895.345306
50	50	50	50	1895.35556
50	50	50	50	1895.37033
50	50	50	50	1895.380401
50	50	50	50	1895.430603
50	50	50	50	1895.460845
50	50	50	50	1895.470733
50	50	50	50	1895.490905
50	50	50	50	1895.50595
50	50	50	50	1895.516235
50	50	50	50	1895.536041
50	50	50	50	1895.551269
50	50	50	50	1895.571197
50	50	50	50	1895.586273
50	50	50	50	1895.62149
50	50	50	50	1895.6265250000001
50	50	50	50	1895.656646
50	50	50	50	1895.6716609999999
50	50	50	50	1895.691711
50	50	50	50	1895.711975
50	50	50	50	1895.742004
50	50	50	50	1895.7520140000001
50	50	50	50	1895.762023
50	50	50	50	1895.78717
50	50	50	50	1895.807312
50	50	50	50	1895.822265
50	50	50	50	1895.8323970000001
50	50	50	50	1895.842651
50	50	50	50	1895.852447
50	50	50	50	1895.8825980000001
50	50	50	50	1895.8976440000001
50	50	50	50	1895.912719
50	50	50	50	1895.9327389999999
50	50	50	50	1895.947875
50	50	50	50	1895.962951
50	50	50	50	1895.982971
50	50	50	50	1895.998138
50	50	50	50	1896.008239
50	50	50	50	1896.023132
50	50	50	50	1896.058532
50	50	50	50	1896.1689139999999
50	50	50	50	1896.178802
50	50	50	50	1896.188934
50	50	50	50	1896.2089839999999
50	50	50	50	1896.223999
50	50	50	50	1896.249176
50	50	50	50	1896.264404
50	50	50	50	1896.29953
50	50	50	50	1896.324462
50	50	50	50	1896.344482
50	50	50	50	1896.3545530000001
50	50	50	50	1896.384704
50	50	50	50	1896.404846
50	50	50	50	1896.430328
50	50	50	50	1896.475036
50	50	50	50	1896.4953
50	50	50	50	1896.525329
50	50	50	50	1896.535369
50	50	50	50	1896.550476
50	50	50	50	1896.565521
50	50	50	50	1896.580566
50	50	50	50	1896.605773
50	50	50	50	1896.645843
50	50	50	50	1896.655853
50	50	50	50	1896.675994
50	50	50	50	1896.696044
50	50	50	50	1896.721405
50	50	50	50	1896.736206
50	50	50	50	1896.7462150000001
50	50	50	50	1896.771392
50	50	50	50	1896.78656
50	50	50	50	1896.791503
50	50	50	50	1896.801666
50	50	50	50	1896.821716
50	50	50	50	1896.841735
50	50	50	50	1896.851898
50	50	50	50	1896.861755
50	50	50	50	1896.8919369999999
50	50	50	50	1896.911956
50	50	50	50	1896.927062
50	50	50	50	1896.942047
50	50	50	50	1897.017547
50	50	50	50	1897.0274650000001
50	50	50	50	1897.057525
50	50	50	50	1897.082946
50	50	50	50	1897.097747
50	50	50	50	1897.1177969999999
50	50	50	50	1897.132904
50	50	50	50	1897.152984
50	50	50	50	1897.163208
50	50	50	50	1897.173095
50	50	50	50	1897.188201
50	50	50	50	1897.203277
50	50	50	50	1897.238342
50	50	50	50	1897.2634269999999
50	50	50	50	1897.3037100000001
50	50	50	50	1897.318725
50	50	50	50	1897.333801
50	50	50	50	1897.374145
50	50	50	50	1897.404235
50	50	50	50	1897.4342040000001
50	50	50	50	1897.4642939999999
50	50	50	50	1897.474487
50	50	50	50	1897.49945
50	50	50	50	1897.5145870000001
50	50	50	50	1897.52481
50	50	50	50	1897.534698
50	50	50	50	1897.5497129999999
50	50	50	50	1897.584869
50	50	50	50	1897.594848
50	50	50	50	1897.619903
50	50	50	50	1897.635162
50	50	50	50	1897.650085
50	50	50	50	1897.6853019999999
50	50	50	50	1897.700408
50	50	50	50	1897.730407
50	50	50	50	1897.740478
50	50	50	50	1897.775604
50	50	50	50	1897.790649
50	50	50	50	1897.825805
50	50	50	50	1897.845977
50	50	50	50	1897.861022
50	50	50	50	1897.901123
50	50	50	50	1897.9212029999999
50	50	50	50	1897.926422
50	50	50	50	1897.941253
50	50	50	50	1897.951293
50	50	50	50	1897.981445
50	50	50	50	1897.996826
50	50	50	50	1898.016601
50	50	50	50	1898.046844
50	50	50	50	1898.06192
50	50	50	50	1898.0668329999999
50	50	50	50	1898.111968
50	50	50	50	1898.1272880000001
50	50	50	50	1898.1472469999999
50	50	50	50	1898.162231
50	50	50	50	1898.172302
50	50	50	50	1898.217407
50	50	50	50	1898.237518
50	50	50	50	1898.24765
50	50	50	50	1898.258026
50	50	50	50	1898.272674
50	50	50	50	1898.288238
50	50	50	50	1898.312805
50	50	50	50	1898.332916
50	50	50	50	1898.342926
50	50	50	50	1898.363006
50	50	50	50	1898.378082
50	50	50	50	1898.393188
50	50	50	50	1898.413421
50	50	50	50	1898.438446
50	50	50	50	1898.4536130000001
50	50	50	50	1898.47348
50	50	50	50	1898.493621
50	50	50	50	1898.513793
50	50	50	50	1898.528808
50	50	50	50	1898.543731
50	50	50	50	1898.563873
50	50	50	50	1898.579284
50	50	50	50	1898.59906
50	50	50	50	1898.614288
50	50	50	50	1898.624084
50	50	50	50	1898.634185
50	50	50	50	1898.659332
50	50	50	50	1898.7146910000001
50	50	50	50	1898.734619
50	50	50	50	1898.7451780000001
50	50	50	50	1898.759796
50	50	50	50	1898.78009
50	50	50	50	1898.789794
50	50	50	50	1898.80484
50	50	50	50	1898.815032
50	50	50	50	1898.8350209999999
50	50	50	50	1898.850189
50	50	50	50	1898.860168
50	50	50	50	1898.875305
50	50	50	50	1898.895294
50	50	50	50	1898.925415
50	50	50	50	1898.9406119999999
50	50	50	50	1898.9504689999999
50	50	50	50	1898.960571
50	50	50	50	1898.995635
50	50	50	50	1899.010925
50	50	50	50	1899.081085
50	50	50	50	1899.0960989999999
50	50	50	50	1899.1162709999999
50	50	50	50	1899.131378
50	50	50	50	1899.161376
50	50	50	50	1899.176452
50	50	50	50	1899.191467
50	50	50	50	1899.201721
50	50	50	50	1899.216644
50	50	50	50	1899.231811
50	50	50	50	1899.2417289999999
50	50	50	50	1899.2568350000001
50	50	50	50	1899.261871
50	50	50	50	1899.276916
50	50	50	50	1899.297119
50	50	50	50	1899.302001
50	50	50	50	1899.312072
50	50	50	50	1899.342193
50	50	50	50	1899.352142
50	50	50	50	1899.367248
50	50	50	50	1899.3773489999999
50	50	50	50	1899.402374
50	50	50	50	1899.4125669999999
50	50	50	50	1899.427642
50	50	50	50	1899.4425959999999
50	50	50	50	1899.457855
50	50	50	50	1899.472808
50	50	50	50	1899.493041
50	50	50	50	1899.5078429999999
50	50	50	50	1899.55307
50	50	50	50	1899.598175
50	50	50	50	1899.618377
50	50	50	50	1899.638397
50	50	50	50	1899.6434020000002
50	50	50	50	1899.658691
50	50	50	50	1899.673553
50	50	50	50	1899.708679
50	50	50	50	1899.7288509999998
50	50	50	50	1899.764038
50	50	50	50	1899.784118
50	50	50	50	1899.799102
50	50	50	50	1899.8092040000001
50	50	50	50	1899.8240660000001
50	50	50	50	1899.8442989999999
50	50	50	50	1899.849517
50	50	50	50	1899.874511
50	50	50	50	1899.889343
50	50	50	50	1899.894714
50	50	50	50	1899.90451
50	50	50	50	1899.919738
50	50	50	50	1899.929656
50	50	50	50	1899.959869
50	50	50	50	1899.979949
50	50	50	50	1899.994964
50	50	50	50	1900.009948
50	50	50	50	1900.020141
50	50	50	50	1900.030059
50	50	50	50	1900.040161
50	50	50	50	1900.085296
50	50	50	50	1900.090362
50	50	50	50	1900.150573
50	50	50	50	1900.175842
50	50	50	50	1900.190734
50	50	50	50	1900.20581
50	50	50	50	1900.216033
50	50	50	50	1900.235931
50	50	50	50	1900.2661130000001
50	50	50	50	1900.286193
50	50	50	50	1900.296325
50	50	50	50	1900.311584
50	50	50	50	1900.33139
50	50	50	50	1900.3514089999999
50	50	50	50	1900.366546
50	50	50	50	1900.3865660000001
50	50	50	50	1900.406829
50	50	50	50	1900.421722
50	50	50	50	1900.466918
50	50	50	50	1900.486999
50	50	50	50	1900.502319
50	50	50	50	1900.51712
50	50	50	50	1900.537628
50	50	50	50	1900.557312
50	50	50	50	1900.662719
50	50	50	50	1900.67276
50	50	50	50	1900.6829520000001
50	50	50	50	1900.69281
50	50	50	50	1900.707946
50	50	50	50	1900.738403
50	50	50	50	1900.74826
50	50	50	50	1900.768432
50	50	50	50	1900.783294
50	50	50	50	1900.7984609999999
50	50	50	50	1900.813354
50	50	50	50	1900.828796
50	50	50	50	1900.843444
50	50	50	50	1900.853485
50	50	50	50	1900.858612
50	50	50	50	1900.868713
50	50	50	50	1900.883666
50	50	50	50	1900.893829
50	50	50	50	1900.908782
50	50	50	50	1900.918792
50	50	50	50	1900.923767
50	50	50	50	1900.938995
50	50	50	50	1900.9538870000001
50	50	50	50	1900.969085
50	50	50	50	1900.994262
50	50	50	50	1901.009216
50	50	50	50	1901.019317
50	50	50	50	1901.0393060000001
50	50	50	50	1901.0645140000001
50	50	50	50	1901.079498
50	50	50	50	1901.094635
50	50	50	50	1901.119628
50	50	50	50	1901.1398920000001
50	50	50	50	1901.164825
50	50	50	50	1901.1799919999999
50	50	50	50	1901.194976
50	50	50	50	1901.210052
50	50	50	50	1901.230163
50	50	50	50	1901.260375
50	50	50	50	1901.30548
50	50	50	50	1901.320739
50	50	50	50	1901.335571
50	50	50	50	1901.365722
50	50	50	50	1901.386047
50	50	50	50	1901.400909
50	50	50	50	1901.425994
50	50	50	50	1901.435974
50	50	50	50	1901.466186
50	50	50	50	1901.4761039999999
50	50	50	50	1901.501373
50	50	50	50	1901.5214230000001
50	50	50	50	1901.5515129999999
50	50	50	50	1901.561614
50	50	50	50	1901.581878
50	50	50	50	1901.601654
50	50	50	50	1901.6067189999999
50	50	50	50	1901.656982
50	50	50	50	1901.672058
50	50	50	50	1901.702423
50	50	50	50	1901.72229
50	50	50	50	1901.75238
50	50	50	50	1901.762359
50	50	50	50	1901.7726440000001
50	50	50	50	1901.782531
50	50	50	50	1901.797454
50	50	50	50	1901.807708
50	50	50	50	1901.827636
50	50	50	50	1901.847717
50	50	50	50	1901.852813
50	50	50	50	1901.867858
50	50	50	50	1901.882934
50	50	50	50	1901.892883
50	50	50	50	1901.908172
50	50	50	50	1901.923065
50	50	50	50	1901.943115
50	50	50	50	1901.953186
50	50	50	50	1901.988342
50	50	50	50	1902.0035699999999
50	50	50	50	1902.00827
50	50	50	50	1902.0184020000002
50	50	50	50	1902.0436399999999
50	50	50	50	1902.058685
50	50	50	50	1902.0736080000001
50	50	50	50	1902.0937800000002
50	50	50	50	1902.108886
50	50	50	50	1902.123992
50	50	50	50	1902.138824
50	50	50	50	1902.1741630000001
50	50	50	50	1902.209259
50	50	50	50	1902.249389
50	50	50	50	1902.259429
50	50	50	50	1902.274566
50	50	50	50	1902.314666
50	50	50	50	1902.329864
50	50	50	50	1902.3599239999999
50	50	50	50	1902.38507
50	50	50	50	1902.405151
50	50	50	50	1902.420104
50	50	50	50	1902.490478
50	50	50	50	1902.530548
50	50	50	50	1902.545806
50	50	50	50	1902.550659
50	50	50	50	1902.565734
50	50	50	50	1902.58081
50	50	50	50	1902.605865
50	50	50	50	1902.631011
50	50	50	50	1902.666412
50	50	50	50	1902.706481
50	50	50	50	1902.7214960000001
50	50	50	50	1902.7465200000001
50	50	50	50	1902.761535
50	50	50	50	1902.7870480000001
50	50	50	50	1902.796691
50	50	50	50	1902.826995
50	50	50	50	1902.836853
50	50	50	50	1902.8521110000001
50	50	50	50	1902.8670339999999
50	50	50	50	1902.876983
50	50	50	50	1902.887176
50	50	50	50	1902.897003
50	50	50	50	1902.9121089999999
50	50	50	50	1902.92218
50	50	50	50	1902.982543
50	50	50	50	1902.997619
50	50	50	50	1903.007507
50	50	50	50	1903.022583
50	50	50	50	1903.027709
50	50	50	50	1903.0577389999999
50	50	50	50	1903.078186
50	50	50	50	1903.087921
50	50	50	50	1903.122955
50	50	50	50	1903.153167
50	50	50	50	1903.1632690000001
50	50	50	50	1903.173156
50	50	50	50	1903.188385
50	50	50	50	1903.208374
50	50	50	50	1903.218444
50	50	50	50	1903.228576
50	50	50	50	1903.233489
50	50	50	50	1903.258605
50	50	50	50	1903.2789
50	50	50	50	1903.293731
50	50	50	50	1903.313903
50	50	50	50	1903.333892
50	50	50	50	1903.363983
50	50	50	50	1903.379119
50	50	50	50	1903.4443959999999
50	50	50	50	1903.459411
50	50	50	50	1903.4745480000001
50	50	50	50	1903.499603
50	50	50	50	1903.514678
50	50	50	50	1903.524658
50	50	50	50	1903.600158
50	50	50	50	1903.610046
50	50	50	50	1903.630279
50	50	50	50	1903.645202
50	50	50	50	1903.655242
50	50	50	50	1903.67041
50	50	50	50	1903.685333
50	50	50	50	1903.6903379999999
50	50	50	50	1903.715576
50	50	50	50	1903.735565
50	50	50	50	1903.755615
50	50	50	50	1903.775787
50	50	50	50	1903.800842
50	50	50	50	1903.805847
50	50	50	50	1903.820892
50	50	50	50	1903.831268
50	50	50	50	1903.841064
50	50	50	50	1903.8560790000001
50	50	50	50	1903.866149
50	50	50	50	1903.881225
50	50	50	50	1903.9163509999998
50	50	50	50	1903.9265129999999
50	50	50	50	1903.936492
50	50	50	50	1903.956756
50	50	50	50	1903.971649
50	50	50	50	1903.976623
50	50	50	50	1903.991912
50	50	50	50	1904.006774
50	50	50	50	1904.026947
50	50	50	50	1904.0519100000001
50	50	50	50	1904.06192
50	50	50	50	1904.087158
50	50	50	50	1904.102478
50	50	50	50	1904.1525259999999
50	50	50	50	1904.162475
50	50	50	50	1904.177337
50	50	50	50	1904.192474
50	50	50	50	1904.207519
50	50	50	50	1904.2177120000001
50	50	50	50	1904.232818
50	50	50	50	1904.242645
50	50	50	50	1904.277893
50	50	50	50	1904.31314
50	50	50	50	1904.338043
50	50	50	50	1904.348175
50	50	50	50	1904.383483
50	50	50	50	1904.3934629999999
50	50	50	50	1904.4185790000001
50	50	50	50	1904.443542
50	50	50	50	1904.463592
50	50	50	50	1904.493774
50	50	50	50	1904.518951
50	50	50	50	1904.53897
50	50	50	50	1904.559051
50	50	50	50	1904.5892020000001
50	50	50	50	1904.619293
50	50	50	50	1904.639404
50	50	50	50	1904.669433
50	50	50	50	1904.6846
50	50	50	50	1904.704589
50	50	50	50	1904.72467
50	50	50	50	1904.734771
50	50	50	50	1904.749816
50	50	50	50	1904.769836
50	50	50	50	1904.779968
50	50	50	50	1904.789947
50	50	50	50	1904.800018
50	50	50	50	1904.820068
50	50	50	50	1904.870361
50	50	50	50	1904.890533
50	50	50	50	1904.90036
50	50	50	50	1904.915618
50	50	50	50	1904.940734
50	50	50	50	1904.965667
50	50	50	50	1904.990814
50	50	50	50	1905.030914
50	50	50	50	1905.061035
50	50	50	50	1905.0811760000001
50	50	50	50	1905.101379
50	50	50	50	1905.136596
50	50	50	50	1905.146453
50	50	50	50	1905.151458
50	50	50	50	1905.161499
50	50	50	50	1905.196899
50	50	50	50	1905.211669
50	50	50	50	1905.221923
50	50	50	50	1905.237243
50	50	50	50	1905.2568959999999
50	50	50	50	1905.272003
50	50	50	50	1905.277069
50	50	50	50	1905.291992
50	50	50	50	1905.322174
50	50	50	50	1905.3473199999999
50	50	50	50	1905.387451
50	50	50	50	1905.417572
50	50	50	50	1905.452667
50	50	50	50	1905.467864
50	50	50	50	1905.502929
50	50	50	50	1905.523071
50	50	50	50	1905.538116
50	50	50	50	1905.568176
50	50	50	50	1905.573242
50	50	50	50	1905.593444
50	50	50	50	1905.608428
50	50	50	50	1905.6235649999999
50	50	50	50	1905.648529
50	50	50	50	1905.65866
50	50	50	50	1905.663574
50	50	50	50	1905.668731
50	50	50	50	1905.693725
50	50	50	50	1905.703796
50	50	50	50	1905.719116
50	50	50	50	1905.728912
50	50	50	50	1905.754119
50	50	50	50	1905.7740469999999
50	50	50	50	1905.789398
50	50	50	50	1905.809173
50	50	50	50	1905.8195190000001
50	50	50	50	1905.83432
50	50	50	50	1905.849517
50	50	50	50	1905.8694759999998
50	50	50	50	1905.889678
50	50	50	50	1905.904602
50	50	50	50	1905.919769
50	50	50	50	1905.934722
50	50	50	50	1905.949981
50	50	50	50	1905.954803
50	50	50	50	1905.964904
50	50	50	50	1906.01007
50	50	50	50	1906.025146
50	50	50	50	1906.045349
50	50	50	50	1906.060272
50	50	50	50	1906.0904540000001
50	50	50	50	1906.105468
50	50	50	50	1906.120635
50	50	50	50	1906.130554
50	50	50	50	1906.1506650000001
50	50	50	50	1906.165802
50	50	50	50	1906.175872
50	50	50	50	1906.185852
50	50	50	50	1906.1958
50	50	50	50	1906.205932
50	50	50	50	1906.220977
50	50	50	50	1906.266204
50	50	50	50	1906.28125
50	50	50	50	1906.311309
50	50	50	50	1906.331481
50	50	50	50	1906.346405
50	50	50	50	1906.366607
50	50	50	50	1906.381713
50	50	50	50	1906.401885
50	50	50	50	1906.416778
50	50	50	50	1906.426727
50	50	50	50	1906.441925
50	50	50	50	1906.522491
50	50	50	50	1906.557464
50	50	50	50	1906.577423
50	50	50	50	1906.582427
50	50	50	50	1906.592559
50	50	50	50	1906.607635
50	50	50	50	1906.622711
50	50	50	50	1906.627624
50	50	50	50	1906.642822
50	50	50	50	1906.657745
50	50	50	50	1906.667938
50	50	50	50	1906.682922
50	50	50	50	1906.698059
50	50	50	50	1906.728027
50	50	50	50	1906.7634269999999
50	50	50	50	1906.778167
50	50	50	50	1906.7984609999999
50	50	50	50	1906.823425
50	50	50	50	1906.843597
50	50	50	50	1906.863739
50	50	50	50	1906.873626
50	50	50	50	1906.888702
50	50	50	50	1906.918823
50	50	50	50	1906.943908
50	50	50	50	1906.948944
50	50	50	50	1906.964141
50	50	50	50	1906.989166
50	50	50	50	1907.004241
50	50	50	50	1907.0191949999999
50	50	50	50	1907.049377
50	50	50	50	1907.0744009999999
50	50	50	50	1907.079528
50	50	50	50	1907.0896910000001
50	50	50	50	1907.104583
50	50	50	50	1907.134674
50	50	50	50	1907.149688
50	50	50	50	1907.174957
50	50	50	50	1907.1850279999999
50	50	50	50	1907.199981
50	50	50	50	1907.220184
50	50	50	50	1907.235076
50	50	50	50	1907.265197
50	50	50	50	1907.275299
50	50	50	50	1907.290405
50	50	50	50	1907.31546
50	50	50	50	1907.330505
50	50	50	50	1907.370758
50	50	50	50	1907.395751
50	50	50	50	1907.435974
50	50	50	50	1907.456054
50	50	50	50	1907.481231
50	50	50	50	1907.496246
50	50	50	50	1907.5163870000001
50	50	50	50	1907.536315
50	50	50	50	1907.556396
50	50	50	50	1907.596649
50	50	50	50	1907.621612
50	50	50	50	1907.636779
50	50	50	50	1907.6567989999999
50	50	50	50	1907.677459
50	50	50	50	1907.697052
50	50	50	50	1907.712127
50	50	50	50	1907.727233
50	50	50	50	1907.742279
50	50	50	50	1907.757324
50	50	50	50	1907.772674
50	50	50	50	1907.792388
50	50	50	50	1907.807922
50	50	50	50	1907.837615
50	50	50	50	1907.857635
50	50	50	50	1907.872833
50	50	50	50	1907.88269
50	50	50	50	1907.892822
50	50	50	50	1907.9080199999999
50	50	50	50	1907.917938
50	50	50	50	1907.928009
50	50	50	50	1907.93811
50	50	50	50	1907.958038
50	50	50	50	1907.978149
50	50	50	50	1908.038452
50	50	50	50	1908.0836180000001
50	50	50	50	1908.098815
50	50	50	50	1908.113739
50	50	50	50	1908.133972
50	50	50	50	1908.153808
50	50	50	50	1908.164001
50	50	50	50	1908.179046
50	50	50	50	1908.199249
50	50	50	50	1908.209228
50	50	50	50	1908.2242430000001
50	50	50	50	1908.239196
50	50	50	50	1908.259307
50	50	50	50	1908.279388
50	50	50	50	1908.294494
50	50	50	50	1908.304443
50	50	50	50	1908.314483
50	50	50	50	1908.324554
50	50	50	50	1908.344635
50	50	50	50	1908.354675
50	50	50	50	1908.389862
50	50	50	50	1908.394989
50	50	50	50	1908.450378
50	50	50	50	1908.4702750000001
50	50	50	50	1908.48529
50	50	50	50	1908.500396
50	50	50	50	1908.515441
50	50	50	50	1908.5355220000001
50	50	50	50	1908.550537
50	50	50	50	1908.560485
50	50	50	50	1908.575622
50	50	50	50	1908.585632
50	50	50	50	1908.600799
50	50	50	50	1908.610809
50	50	50	50	1908.630889
50	50	50	50	1908.640869
50	50	50	50	1908.68106
50	50	50	50	1908.696197
50	50	50	50	1908.706115
50	50	50	50	1908.726226
50	50	50	50	1908.736297
50	50	50	50	1908.7714839999999
50	50	50	50	1908.791534
50	50	50	50	1908.796539
50	50	50	50	1908.806488
50	50	50	50	1908.8316340000001
50	50	50	50	1908.85205
50	50	50	50	1908.861846
50	50	50	50	1908.876861
50	50	50	50	1908.88681
50	50	50	50	1908.906951
50	50	50	50	1908.922088
50	50	50	50	1908.9421379999999
50	50	50	50	1908.957244
50	50	50	50	1908.972351
50	50	50	50	1909.0073539999999
50	50	50	50	1909.037536
50	50	50	50	1909.057617
50	50	50	50	1909.072662
50	50	50	50	1909.077819
50	50	50	50	1909.087738
50	50	50	50	1909.113037
50	50	50	50	1909.127899
50	50	50	50	1909.147949
50	50	50	50	1909.1630850000001
50	50	50	50	1909.203186
50	50	50	50	1909.243682
50	50	50	50	1909.273651
50	50	50	50	1909.29367
50	50	50	50	1909.33377
50	50	50	50	1909.34378
50	50	50	50	1909.374176
50	50	50	50	1909.398925
50	50	50	50	1909.414154
50	50	50	50	1909.424133
50	50	50	50	1909.439239
50	50	50	50	1909.459289
50	50	50	50	1909.479309
50	50	50	50	1909.50949
50	50	50	50	1909.519531
50	50	50	50	1909.529449
50	50	50	50	1909.5446160000001
50	50	50	50	1909.5748290000001
50	50	50	50	1909.594787
50	50	50	50	1909.6351009999998
50	50	50	50	1909.650024
50	50	50	50	1909.675109
50	50	50	50	1909.700408
50	50	50	50	1909.720306
50	50	50	50	1909.7356869999999
50	50	50	50	1909.760589
50	50	50	50	1909.780609
50	50	50	50	1909.790527
50	50	50	50	1909.800628
50	50	50	50	1909.835815
50	50	50	50	1909.8508299999999
50	50	50	50	1909.875946
50	50	50	50	1909.89627
50	50	50	50	1909.906066
50	50	50	50	1909.921081
50	50	50	50	1909.93634
50	50	50	50	1909.941284
50	50	50	50	1909.95639
50	50	50	50	1909.971282
50	50	50	50	1909.9863890000001
50	50	50	50	1910.006652
50	50	50	50	1910.011505
50	50	50	50	1910.021636
50	50	50	50	1910.036712
50	50	50	50	1910.04663
50	50	50	50	1910.071777
50	50	50	50	1910.111877
50	50	50	50	1910.126983
50	50	50	50	1910.142059
50	50	50	50	1910.157226
50	50	50	50	1910.172149
50	50	50	50	1910.202301
50	50	50	50	1910.2225640000001
50	50	50	50	1910.232421
50	50	50	50	1910.247589
50	50	50	50	1910.272583
50	50	50	50	1910.2878719999999
50	50	50	50	1910.3027339999999
50	50	50	50	1910.317901
50	50	50	50	1910.332824
50	50	50	50	1910.347869
50	50	50	50	1910.372924
50	50	50	50	1910.393066
50	50	50	50	1910.408172
50	50	50	50	1910.4231869999999
50	50	50	50	1910.438232
50	50	50	50	1910.463378
50	50	50	50	1910.473327
50	50	50	50	1910.488433
50	50	50	50	1910.52362
50	50	50	50	1910.5388480000001
50	50	50	50	1910.548706
50	50	50	50	1910.56372
50	50	50	50	1910.583862
50	50	50	50	1910.593902
50	50	50	50	1910.624114
50	50	50	50	1910.633972
50	50	50	50	1910.649078
50	50	50	50	1910.6593010000001
50	50	50	50	1910.694305
50	50	50	50	1910.714324
50	50	50	50	1910.724426
50	50	50	50	1910.7344659999999
50	50	50	50	1910.754547
50	50	50	50	1910.769653
50	50	50	50	1910.784729
50	50	50	50	1910.809753
50	50	50	50	1910.8500669999999
50	50	50	50	1910.870269
50	50	50	50	1910.880126
50	50	50	50	1910.9002679999999
50	50	50	50	1910.920227
50	50	50	50	1910.935424
50	50	50	50	1910.945404
50	50	50	50	1910.950347
50	50	50	50	1910.965393
50	50	50	50	1910.975555
50	50	50	50	1911.025756
50	50	50	50	1911.045867
50	50	50	50	1911.060943
50	50	50	50	1911.075897
50	50	50	50	1911.095947
50	50	50	50	1911.101226
50	50	50	50	1911.1111449999999
50	50	50	50	1911.126098
50	50	50	50	1911.156188
50	50	50	50	1911.171325
50	50	50	50	1911.1913749999999
50	50	50	50	1911.2215879999999
50	50	50	50	1911.236572
50	50	50	50	1911.256683
50	50	50	50	1911.271728
50	50	50	50	1911.276641
50	50	50	50	1911.296936
50	50	50	50	1911.31192
50	50	50	50	1911.321899
50	50	50	50	1911.332061
50	50	50	50	1911.346984
50	50	50	50	1911.367126
50	50	50	50	1911.392333
50	50	50	50	1911.402313
50	50	50	50	1911.4173270000001
50	50	50	50	1911.442382
50	50	50	50	1911.462615
50	50	50	50	1911.482604
50	50	50	50	1911.517669
50	50	50	50	1911.52774
50	50	50	50	1911.532806
50	50	50	50	1911.552886
50	50	50	50	1911.583038
50	50	50	50	1911.598052
50	50	50	50	1911.613159
50	50	50	50	1911.638183
50	50	50	50	1911.653442
50	50	50	50	1911.6734609999999
50	50	50	50	1911.688598
50	50	50	50	1911.698486
50	50	50	50	1911.743774
50	50	50	50	1911.758728
50	50	50	50	1911.834045
50	50	50	50	1911.8591609999999
50	50	50	50	1911.894287
50	50	50	50	1911.914733
50	50	50	50	1911.924438
50	50	50	50	1911.9345389999999
50	50	50	50	1911.949707
50	50	50	50	1911.969604
50	50	50	50	1911.994873
50	50	50	50	1912.014984
50	50	50	50	1912.029937
50	50	50	50	1912.039886
50	50	50	50	1912.049957
50	50	50	50	1912.0751030000001
50	50	50	50	1912.090057
50	50	50	50	1912.110382
50	50	50	50	1912.140502
50	50	50	50	1912.1703790000001
50	50	50	50	1912.190582
50	50	50	50	1912.2005
50	50	50	50	1912.215698
50	50	50	50	1912.230712
50	50	50	50	1912.240844
50	50	50	50	1912.295989
50	50	50	50	1912.306488
50	50	50	50	1912.316131
50	50	50	50	1912.331115
50	50	50	50	1912.356231
50	50	50	50	1912.3662709999999
50	50	50	50	1912.376342
50	50	50	50	1912.3913870000001
50	50	50	50	1912.406585
50	50	50	50	1912.431488
50	50	50	50	1912.446594
50	50	50	50	1912.476715
50	50	50	50	1912.4917289999999
50	50	50	50	1912.501953
50	50	50	50	1912.5118400000001
50	50	50	50	1912.516998
50	50	50	50	1912.587249
50	50	50	50	1912.597473
50	50	50	50	1912.632568
50	50	50	50	1912.642333
50	50	50	50	1912.662475
50	50	50	50	1912.702636
50	50	50	50	1912.742858
50	50	50	50	1912.7881459999999
50	50	50	50	1912.818145
50	50	50	50	1912.82843
50	50	50	50	1912.848236
50	50	50	50	1912.858489
50	50	50	50	1912.923736
50	50	50	50	1912.928619
50	50	50	50	1912.968902
50	50	50	50	1913.0139159999999
50	50	50	50	1913.029083
50	50	50	50	1913.039062
50	50	50	50	1913.0693350000001
50	50	50	50	1913.084259
50	50	50	50	1913.1144100000001
50	50	50	50	1913.139495
50	50	50	50	1913.154724
50	50	50	50	1913.1696160000001
50	50	50	50	1913.1947930000001
50	50	50	50	1913.2047109999999
50	50	50	50	1913.230041
50	50	50	50	1913.239837
50	50	50	50	1913.254882
50	50	50	50	1913.2649529999999
50	50	50	50	1913.330261
50	50	50	50	1913.340332
50	50	50	50	1913.3754880000001
50	50	50	50	1913.3906550000002
50	50	50	50	1913.405639
50	50	50	50	1913.415771
50	50	50	50	1913.4307549999999
50	50	50	50	1913.450714
50	50	50	50	1913.470977
50	50	50	50	1913.485931
50	50	50	50	1913.501007
50	50	50	50	1913.541229
50	50	50	50	1913.55133
50	50	50	50	1913.581481
50	50	50	50	1913.601501
50	50	50	50	1913.611633
50	50	50	50	1913.616546
50	50	50	50	1913.621551
50	50	50	50	1913.701782
50	50	50	50	1913.7470389999999
50	50	50	50	1913.857452
50	50	50	50	1913.902801
50	50	50	50	1913.917663
50	50	50	50	1913.92279
50	50	50	50	1913.937896
50	50	50	50	1913.953094
50	50	50	50	1913.993103
50	50	50	50	1914.013061
50	50	50	50	1914.018218
50	50	50	50	1914.028076
50	50	50	50	1914.098968
50	50	50	50	1914.103485
50	50	50	50	1914.10852
50	50	50	50	1914.113586
50	50	50	50	1914.123535
50	50	50	50	1914.13861
50	50	50	50	1914.199005
50	50	50	50	1914.299255
50	50	50	50	1914.339385
50	50	50	50	1914.364562
50	50	50	50	1914.379577
50	50	50	50	1914.4196769999999
50	50	50	50	1914.43988
50	50	50	50	1914.4548949999999
50	50	50	50	1914.469909
50	50	50	50	1914.485015
50	50	50	50	1914.505126
50	50	50	50	1914.52536
50	50	50	50	1914.540222
50	50	50	50	1914.550201
50	50	50	50	1914.5653379999999
50	50	50	50	1914.5854180000001
50	50	50	50	1914.600524
50	50	50	50	1914.625671
50	50	50	50	1914.645629
50	50	50	50	1914.670806
50	50	50	50	1914.685974
50	50	50	50	1914.700897
50	50	50	50	1914.716064
50	50	50	50	1914.726013
50	50	50	50	1914.741058
50	50	50	50	1914.75122
50	50	50	50	1914.7661739999999
50	50	50	50	1914.781188
50	50	50	50	1914.786407
50	50	50	50	1914.806304
50	50	50	50	1914.8213799999999
50	50	50	50	1914.84143
50	50	50	50	1914.8715200000001
50	50	50	50	1914.881927
50	50	50	50	1914.891754
50	50	50	50	1914.9067380000001
50	50	50	50	1914.916839
50	50	50	50	1914.9269100000001
50	50	50	50	1914.941864
50	50	50	50	1914.9620049999999
50	50	50	50	1914.982025
50	50	50	50	1915.002105
50	50	50	50	1915.0123290000001
50	50	50	50	1915.0272519999999
50	50	50	50	1915.0474239999999
50	50	50	50	1915.067352
50	50	50	50	1915.077728
50	50	50	50	1915.087554
50	50	50	50	1915.107788
50	50	50	50	1915.117675
50	50	50	50	1915.167846
50	50	50	50	1915.1879880000001
50	50	50	50	1915.212951
50	50	50	50	1915.228088
50	50	50	50	1915.2631529999999
50	50	50	50	1915.273406
50	50	50	50	1915.293273
50	50	50	50	1915.303588
50	50	50	50	1915.333557
50	50	50	50	1915.343505
50	50	50	50	1915.358673
50	50	50	50	1915.373596
50	50	50	50	1915.393859
50	50	50	50	1915.408813
50	50	50	50	1915.4188530000001
50	50	50	50	1915.438995
50	50	50	50	1915.4692380000001
50	50	50	50	1915.489105
50	50	50	50	1915.50415
50	50	50	50	1915.524383
50	50	50	50	1915.534515
50	50	50	50	1915.549438
50	50	50	50	1915.5693959999999
50	50	50	50	1915.584503
50	50	50	50	1915.599853
50	50	50	50	1915.619812
50	50	50	50	1915.634704
50	50	50	50	1915.64978
50	50	50	50	1915.665039
50	50	50	50	1915.680023
50	50	50	50	1915.690002
50	50	50	50	1915.7150259999999
50	50	50	50	1915.7351979999999
50	50	50	50	1915.755249
50	50	50	50	1915.790374
50	50	50	50	1915.800567
50	50	50	50	1915.820526
50	50	50	50	1915.845642
50	50	50	50	1915.865753
50	50	50	50	1915.89096
50	50	50	50	1915.915954
50	50	50	50	1915.9261470000001
50	50	50	50	1916.016296
50	50	50	50	1916.031463
50	50	50	50	1916.041534
50	50	50	50	1916.0816949999999
50	50	50	50	1916.096679
50	50	50	50	1916.1067189999999
50	50	50	50	1916.1220389999999
50	50	50	50	1916.146789
50	50	50	50	1916.172058
50	50	50	50	1916.19226
50	50	50	50	1916.207214
50	50	50	50	1916.222198
50	50	50	50	1916.237243
50	50	50	50	1916.25241
50	50	50	50	1916.267333
50	50	50	50	1916.282684
50	50	50	50	1916.307495
50	50	50	50	1916.322723
50	50	50	50	1916.337646
50	50	50	50	1916.357727
50	50	50	50	1916.377716
50	50	50	50	1916.387878
50	50	50	50	1916.413208
50	50	50	50	1916.4279470000001
50	50	50	50	1916.453155
50	50	50	50	1916.473175
50	50	50	50	1916.488281
50	50	50	50	1916.503295
50	50	50	50	1916.513519
50	50	50	50	1916.528472
50	50	50	50	1916.548492
50	50	50	50	1916.573699
50	50	50	50	1916.583709
50	50	50	50	1916.6138
50	50	50	50	1916.6288749999999
50	50	50	50	1916.648925
50	50	50	50	1916.664001
50	50	50	50	1916.694183
50	50	50	50	1916.7142330000001
50	50	50	50	1916.729278
50	50	50	50	1916.744384
50	50	50	50	1916.759399
50	50	50	50	1916.774597
50	50	50	50	1916.78952
50	50	50	50	1916.799499
50	50	50	50	1916.814666
50	50	50	50	1916.834899
50	50	50	50	1916.849914
50	50	50	50	1916.869964
50	50	50	50	1916.895141
50	50	50	50	1916.920074
50	50	50	50	1916.92514
50	50	50	50	1916.9551999999999
50	50	50	50	1916.970458
50	50	50	50	1916.985351
50	50	50	50	1917.010437
50	50	50	50	1917.025451
50	50	50	50	1917.040496
50	50	50	50	1917.050628
50	50	50	50	1917.065795
50	50	50	50	1917.075683
50	50	50	50	1917.095794
50	50	50	50	1917.105834
50	50	50	50	1917.120849
50	50	50	50	1917.131103
50	50	50	50	1917.1509700000001
50	50	50	50	1917.161041
50	50	50	50	1917.171112
50	50	50	50	1917.191192
50	50	50	50	1917.2162779999999
50	50	50	50	1917.231567
50	50	50	50	1917.256469
50	50	50	50	1917.26651
50	50	50	50	1917.271545
50	50	50	50	1917.29187
50	50	50	50	1917.2966000000001
50	50	50	50	1917.306701
50	50	50	50	1917.321746
50	50	50	50	1917.331787
50	50	50	50	1917.367004
50	50	50	50	1917.3721
50	50	50	50	1917.397003
50	50	50	50	1917.417144
50	50	50	50	1917.427124
50	50	50	50	1917.44757
50	50	50	50	1917.457519
50	50	50	50	1917.467437
50	50	50	50	1917.477386
50	50	50	50	1917.497619
50	50	50	50	1917.517608
50	50	50	50	1917.562744
50	50	50	50	1917.5779109999999
50	50	50	50	1917.592834
50	50	50	50	1917.602874
50	50	50	50	1917.618133
50	50	50	50	1917.633026
50	50	50	50	1917.6632690000001
50	50	50	50	1917.6883229999999
50	50	50	50	1917.703277
50	50	50	50	1917.753479
50	50	50	50	1917.763549
50	50	50	50	1917.778656
50	50	50	50	1917.8037100000001
50	50	50	50	1917.843872
50	50	50	50	1917.859039
50	50	50	50	1917.894104
50	50	50	50	1917.91925
50	50	50	50	1917.934295
50	50	50	50	1917.9493400000001
50	50	50	50	1917.964355
50	50	50	50	1917.984527
50	50	50	50	1917.999572
50	50	50	50	1918.014831
50	50	50	50	1918.029663
50	50	50	50	1918.064819
50	50	50	50	1918.09497
50	50	50	50	1918.110229
50	50	50	50	1918.1250909999999
50	50	50	50	1918.135162
50	50	50	50	1918.160186
50	50	50	50	1918.175476
50	50	50	50	1918.1903379999999
50	50	50	50	1918.205535
50	50	50	50	1918.245605
50	50	50	50	1918.265625
50	50	50	50	1918.275787
50	50	50	50	1918.285705
50	50	50	50	1918.3007499999999
50	50	50	50	1918.310882
50	50	50	50	1918.330993
50	50	50	50	1918.346008
50	50	50	50	1918.366149
50	50	50	50	1918.3860770000001
50	50	50	50	1918.401397
50	50	50	50	1918.411376
50	50	50	50	1918.421325
50	50	50	50	1918.436553
50	50	50	50	1918.461425
50	50	50	50	1918.471557
50	50	50	50	1918.491699
50	50	50	50	1918.506713
50	50	50	50	1918.521789
50	50	50	50	1918.536834
50	50	50	50	1918.567016
50	50	50	50	1918.586975
50	50	50	50	1918.59201
50	50	50	50	1918.607055
50	50	50	50	1918.6221
50	50	50	50	1918.637207
50	50	50	50	1918.6625669999999
50	50	50	50	1918.702514
50	50	50	50	1918.717559
50	50	50	50	1918.73291
50	50	50	50	1918.752685
50	50	50	50	1918.767791
50	50	50	50	1918.802917
50	50	50	50	1918.823059
50	50	50	50	1918.843109
50	50	50	50	1918.863128
50	50	50	50	1918.888305
50	50	50	50	1918.903259
50	50	50	50	1918.968505
50	50	50	50	1918.993652
50	50	50	50	1919.0388480000001
50	50	50	50	1919.058959
50	50	50	50	1919.0992430000001
50	50	50	50	1919.114105
50	50	50	50	1919.12918
50	50	50	50	1919.139312
50	50	50	50	1919.16452
50	50	50	50	1919.174499
50	50	50	50	1919.179412
50	50	50	50	1919.1945190000001
50	50	50	50	1919.2146910000001
50	50	50	50	1919.219787
50	50	50	50	1919.23468
50	50	50	50	1919.254852
50	50	50	50	1919.264801
50	50	50	50	1919.269775
50	50	50	50	1919.289855
50	50	50	50	1919.330047
50	50	50	50	1919.345153
50	50	50	50	1919.365203
50	50	50	50	1919.380523
50	50	50	50	1919.405334
50	50	50	50	1919.4204399999999
50	50	50	50	1919.45581
50	50	50	50	1919.480743
50	50	50	50	1919.485656
50	50	50	50	1919.515838
50	50	50	50	1919.530853
50	50	50	50	1919.55603
50	50	50	50	1919.591125
