2084	2060	2536	480.936126
2084	2060	2536	480.946166
2084	2060	2536	480.95135400000004
2084	2060	2536	480.981384
2084	2060	2536	480.986511
2084	2060	2536	480.99176
2084	2060	2536	480.996459
2084	2064	2536	481.006591
2084	2060	2536	481.011596
2084	2060	2536	481.01653999999996
2084	2060	2536	481.02682400000003
2084	2060	2536	481.036804
2084	2060	2536	481.05703700000004
2084	2060	2536	481.06692499999997
2084	2060	2536	481.072113
2084	2060	2536	481.076965
2084	2060	2536	481.08197
2084	2060	2536	481.087036
2084	2060	2536	481.092224
2084	2060	2536	481.097076
2084	2060	2536	481.102172
2084	2060	2536	481.122406
2084	2060	2536	481.127197
2084	2060	2536	481.137329
2084	2060	2536	481.142364
2084	2060	2536	481.147308
2084	2060	2536	481.157653
2084	2060	2536	481.167541
2084	2060	2536	481.172576
2084	2064	2536	481.21289
2084	2060	2536	481.227783
2084	2060	2536	481.237915
2084	2060	2536	481.24291900000003
2084	2064	2536	481.28842099999997
2084	2064	2536	481.298339
2088	2064	2536	481.645477
2084	2064	2536	481.65551700000003
2084	2064	2536	481.670471
2084	2064	2536	481.675842
2084	2064	2536	481.685607
2084	2064	2536	481.69049
2084	2064	2536	481.695587
2084	2064	2536	481.901855
2084	2064	2536	481.907043
2084	2064	2536	481.911895
2084	2064	2536	481.917053
2084	2064	2536	481.921936
2084	2064	2536	481.927001
2084	2060	2536	481.93197599999996
2084	2060	2532	481.937164
2084	2060	2536	481.942047
2084	2060	2536	481.947143
2084	2060	2536	481.957427
2084	2060	2532	482.052673
2084	2060	2536	482.06796199999997
2084	2060	2536	482.078277
2084	2060	2536	482.082916
2084	2060	2536	482.098052
2080	2060	2532	482.108093
2084	2060	2536	482.128112
2084	2060	2536	482.133331
2084	2060	2536	482.138244
2084	2060	2536	482.163696
2084	2060	2536	482.178405
2084	2060	2536	482.198883
2084	2060	2536	482.208648
2084	2060	2536	482.213592
2084	2060	2536	482.27398600000004
2084	2060	2540	482.374572
2084	2060	2536	482.384613
2084	2060	2536	482.394805
2084	2060	2536	482.404785
2084	2060	2536	482.409942
2084	2060	2532	482.41983
2084	2060	2532	482.430053
2084	2064	2532	482.636077
2084	2064	2532	482.64135699999997
2084	2064	2536	482.661285
2088	2064	2536	482.671356
2084	2064	2536	482.67633
2084	2060	2536	482.787109
2084	2060	2536	482.792053
2084	2060	2536	482.807098
2084	2064	2536	482.81237699999997
2084	2064	2536	482.82730100000003
2084	2064	2536	482.832275
2084	2064	2536	482.83727999999996
2084	2064	2536	482.937835
2084	2064	2536	482.94287099999997
2084	2060	2536	482.952972
2084	2060	2536	482.963165
2084	2060	2536	482.973052
2084	2064	2536	483.043884
2084	2064	2536	483.053558
2084	2064	2536	483.063629
2084	2064	2536	483.073638
2084	2060	2536	483.083892
2084	2060	2536	483.088775
2084	2064	2536	483.159149
2084	2064	2536	483.164337
2084	2060	2536	483.169189
2084	2064	2536	483.174255
2084	2060	2536	483.18936099999996
2084	2060	2536	483.20489499999996
2084	2060	2536	483.20968600000003
2084	2060	2536	483.239593
2084	2060	2536	483.249664
2084	2060	2536	483.259735
2084	2060	2532	483.269805
2084	2064	2536	483.335266
2084	2060	2536	483.35028
2084	2060	2536	483.36026
2084	2056	2532	483.380676
2084	2056	2532	483.390533
2084	2060	2536	483.410644
2084	2060	2536	483.41571
2084	2060	2536	483.420684
2084	2060	2536	483.425659
2084	2060	2536	483.461029
2084	2060	2536	483.5065
2084	2060	2536	483.51126
2084	2060	2536	483.52124000000003
2084	2060	2532	483.672241
2084	2060	2536	483.677368
2084	2060	2536	483.687347
2084	2060	2536	483.697448
2084	2060	2536	483.70223899999996
2084	2060	2536	483.717407
2084	2064	2536	483.802947
2084	2064	2536	483.808166
2084	2060	2536	483.823028
2088	2060	2536	483.828216
2084	2060	2536	483.84826599999997
2084	2060	2536	483.85830599999997
2084	2060	2536	483.958984
2084	2060	2536	483.969085
2084	2060	2532	483.984008
2084	2060	2532	483.989074
2084	2060	2532	484.004119
2084	2060	2536	484.09466499999996
2084	2060	2536	484.09967
2084	2060	2536	484.11474599999997
2084	2060	2536	484.119995
2084	2060	2536	484.124725
2084	2060	2536	484.130096
2084	2064	2536	484.139923
2084	2060	2536	484.144897
2084	2060	2536	484.25082299999997
2084	2060	2536	484.26559399999996
2084	2060	2536	484.270812
2084	2060	2536	484.280639
2084	2060	2532	484.29580599999997
2084	2060	2532	484.305877
2084	2060	2532	484.376281
2084	2060	2536	484.38156100000003
2084	2060	2536	484.401428
2084	2060	2536	484.406433
2084	2060	2536	484.411682
2084	2064	2536	484.421691
2084	2064	2536	484.496948
2084	2064	2536	484.50201400000003
2084	2064	2536	484.527099
2084	2064	2536	484.542327
2084	2064	2536	484.54794300000003
2084	2060	2536	484.55233699999997
2088	2060	2536	484.693298
2088	2060	2536	484.698181
2088	2060	2536	484.70849599999997
2088	2060	2536	484.713256
2084	2064	2536	484.74356
2088	2064	2536	484.823944
2084	2064	2536	484.844085
2084	2064	2532	484.848999
2084	2060	2532	484.86413500000003
2084	2060	2532	484.869567
2084	2060	2536	484.87442
2088	2060	2540	484.974975
2084	2056	2540	484.979827
2088	2056	2540	484.989868
2088	2060	2540	484.99996899999996
2088	2060	2536	485.005096
2088	2060	2536	485.015319
2084	2060	2536	485.075469
2084	2060	2536	485.090423
2084	2060	2536	485.100769
2084	2064	2536	485.110565
2084	2060	2536	485.120666
2084	2060	2536	485.17098899999996
2084	2060	2536	485.186035
2084	2060	2536	485.211303
2084	2060	2536	485.226318
2084	2060	2536	485.281616
2088	2060	2536	485.297271
2088	2060	2536	485.306915
2088	2060	2536	485.316833
2084	2060	2536	485.32705599999997
2088	2060	2536	485.367126
2088	2060	2536	485.377319
2088	2060	2536	485.392364
2088	2060	2536	485.407379
2084	2060	2536	485.41751
2088	2060	2536	485.452667
2088	2060	2536	485.46768099999997
2088	2060	2536	485.482757
2088	2060	2536	485.493011
2088	2060	2536	485.50296000000003
2088	2060	2536	485.528289
2088	2060	2536	485.53317200000004
2088	2060	2536	485.543182
2088	2060	2536	485.553558
2088	2060	2536	485.563201
2088	2060	2532	485.578491
2088	2060	2536	485.618835
2084	2060	2536	485.628631
2088	2060	2536	485.63870199999997
2084	2060	2536	485.65896599999996
2084	2060	2536	485.668945
2088	2064	2536	485.709075
2088	2060	2536	485.729339
2084	2064	2536	485.744354
2088	2060	2532	485.794647
2084	2060	2532	485.79965200000004
2084	2060	2532	485.804626
2084	2060	2536	485.815002
2084	2064	2536	485.81991500000004
2084	2060	2536	485.834838
2084	2060	2532	485.839843
2084	2060	2536	485.88510099999996
2088	2060	2536	485.895263
2088	2060	2532	485.920318
2084	2060	2536	485.995758
2084	2060	2536	486.051177
2084	2060	2536	486.066192
2088	2064	2536	486.09637399999997
2088	2064	2540	486.106475
2084	2060	2536	486.141967
2084	2060	2536	486.156707
2084	2060	2536	486.171936
2088	2060	2536	486.237548
2084	2060	2536	486.257324
2088	2060	2536	486.343048
2088	2060	2536	486.352874
2084	2060	2536	486.378082
2088	2060	2536	486.483673
2084	2060	2536	486.488708
2084	2060	2536	486.498779
2084	2060	2536	486.50906299999997
2084	2060	2536	486.5289
2084	2064	2536	486.574249
2084	2064	2536	486.584808
2084	2060	2536	486.594329
2084	2060	2532	486.604461
2084	2064	2536	486.679779
2084	2064	2536	486.695068
2084	2060	2536	486.710052
2084	2060	2536	486.80053699999996
2084	2060	2536	486.805572
2084	2060	2536	486.860992
2084	2060	2536	486.866088
2084	2060	2536	486.886016
2084	2060	2536	486.89624000000003
2084	2060	2536	486.901123
2084	2064	2536	486.90625
2084	2060	2536	486.95660399999997
2084	2060	2536	486.97146599999996
2088	2060	2536	486.996887
2088	2060	2536	487.001739
2084	2060	2536	487.011749
2084	2060	2536	487.08734100000004
2088	2064	2536	487.09729
2088	2060	2536	487.11233500000003
2084	2060	2536	487.117401
2084	2060	2532	487.167602
2088	2060	2532	487.17269799999997
2088	2060	2532	487.182769
2084	2060	2532	487.197814
2084	2064	2536	487.268463
2084	2060	2536	487.298461
2084	2060	2536	487.313629
2084	2060	2536	487.32354699999996
2084	2060	2536	487.38406299999997
2084	2064	2536	487.419219
2084	2064	2536	487.479644
2084	2064	2536	487.484558
2084	2064	2536	487.504577
2084	2064	2536	487.52484100000004
2084	2064	2536	487.57000700000003
2084	2064	2536	487.58013900000003
2084	2064	2536	487.590393
2084	2064	2536	487.595245
2084	2060	2536	487.605224
2084	2060	2536	487.615295
2088	2060	2536	487.690765
2088	2060	2536	487.700775
2084	2060	2532	487.71588099999997
2084	2060	2536	487.721008
2084	2060	2532	487.730957
2084	2060	2536	487.73605299999997
2088	2060	2536	487.786315
2088	2060	2536	487.806549
2088	2060	2532	487.826477
2088	2060	2536	487.831756
2084	2060	2536	487.886932
2088	2060	2536	487.90216
2084	2060	2536	487.907043
2084	2064	2536	487.927062
2084	2060	2536	487.937316
2084	2060	2536	488.007537
2084	2060	2536	488.01763900000003
2088	2060	2540	488.042877
2084	2060	2540	488.047821
2084	2060	2536	488.138427
2084	2064	2536	488.143463
2084	2064	2536	488.168426
2084	2064	2536	488.234008
2084	2064	2536	488.244018
2084	2064	2536	488.254058
2084	2060	2536	488.284484
2084	2060	2532	488.349609
2084	2060	2532	488.359832
2084	2060	2536	488.36975
2084	2060	2536	488.379699
2084	2060	2536	488.399993
2084	2060	2536	488.460266
2084	2060	2536	488.475494
2084	2060	2536	488.485412
2084	2060	2536	488.49548300000004
2088	2064	2536	488.556152
2088	2060	2532	488.57086100000004
2088	2056	2532	488.580963
2088	2060	2536	488.596252
2084	2060	2536	488.61114499999996
2084	2060	2536	488.671447
2084	2060	2536	488.686828
2084	2060	2536	488.69165
2084	2064	2536	488.701599
2084	2064	2536	488.721954
2088	2060	2536	488.78231800000003
2084	2060	2536	488.807342
2084	2060	2536	488.81237699999997
2084	2064	2536	488.827484
2084	2064	2536	488.882995
2084	2060	2536	488.923004
2084	2060	2536	488.927978
2084	2060	2536	488.93307400000003
2088	2060	2536	488.968261
2088	2060	2536	488.98330599999997
2084	2060	2536	489.073913
2084	2060	2536	489.083953
2084	2060	2536	489.099029
2084	2060	2536	489.109375
2084	2060	2536	489.11929299999997
2084	2060	2532	489.184539
2084	2060	2536	489.209808
2084	2060	2536	489.214721
2084	2060	2536	489.219696
2084	2060	2536	489.240142
2084	2060	2536	489.28515600000003
2084	2060	2536	489.295135
2084	2060	2536	489.30017
2084	2060	2536	489.305358
2084	2060	2536	489.310241
2084	2064	2536	489.325378
2084	2060	2536	489.38070600000003
2084	2060	2536	489.39074700000003
2084	2060	2536	489.41085799999996
2084	2060	2532	489.42102
2084	2060	2536	489.471282
2084	2060	2536	489.476226
2088	2060	2536	489.491363
2084	2060	2540	489.501525
2084	2060	2536	489.516479
2084	2060	2536	489.576782
2084	2060	2536	489.586853
2084	2060	2536	489.60229400000003
2084	2060	2532	489.697631
2084	2060	2532	489.70754999999997
2084	2060	2532	489.71762
2084	2060	2532	489.727844
2084	2060	2536	489.742858
2084	2060	2536	489.752838
2084	2060	2536	489.81820600000003
2084	2060	2532	489.84841900000004
2088	2064	2536	489.903778
2088	2064	2536	489.918762
2084	2064	2536	489.928985
2084	2064	2536	489.933898
2084	2060	2536	489.943969
2084	2064	2536	489.984222
2084	2064	2536	489.999389
2084	2064	2536	490.009368
2084	2064	2536	490.014343
2084	2060	2536	490.024505
2084	2060	2536	490.02941799999996
2084	2060	2536	490.03952
2084	2060	2536	490.104919
2084	2064	2536	490.125152
2084	2064	2536	490.135131
2084	2060	2536	490.150177
2084	2064	2536	490.215789
2084	2064	2536	490.240631
2084	2064	2536	490.250946
2084	2060	2536	490.31631400000003
2084	2060	2536	490.321136
2084	2064	2536	490.356445
2084	2060	2536	490.426818
2084	2060	2536	490.43179299999997
2084	2060	2536	490.457214
2084	2060	2536	490.472076
2084	2060	2536	490.52752599999997
2084	2060	2536	490.532379
2084	2060	2532	490.537475
2084	2064	2536	490.547485
2084	2064	2536	490.552551
2084	2060	2536	490.57785
2084	2060	2536	490.622924
2084	2060	2536	490.632995
2084	2060	2536	490.643218
2084	2060	2536	490.653198
2084	2060	2536	490.66333
2084	2060	2536	490.67819199999997
2084	2060	2536	490.753692
2088	2060	2536	490.774017
2088	2060	2536	490.7789
2088	2060	2536	490.783905
2084	2060	2536	491.06048499999997
2084	2060	2540	491.07559200000003
2084	2064	2536	491.085662
2084	2060	2536	491.100982
2084	2060	2532	491.161315
2084	2060	2532	491.171356
2084	2060	2532	491.176208
2084	2060	2536	491.181243
2084	2064	2536	491.191253
2084	2060	2536	491.206359
2084	2060	2536	491.216461
2084	2060	2536	491.27673300000004
2084	2060	2536	491.292175
2084	2060	2536	491.306915
2084	2060	2536	491.322021
2084	2064	2536	491.35220300000003
2084	2060	2536	491.36734
2084	2060	2536	491.387451
2084	2060	2536	491.402496
2084	2060	2536	491.417602
2084	2060	2536	491.422821
2084	2060	2536	491.43273899999997
2084	2060	2536	491.462982
2084	2064	2536	491.553558
2084	2064	2536	491.563507
2084	2060	2536	491.57369900000003
2084	2060	2536	491.583557
2084	2060	2536	491.588745
2084	2060	2536	491.598632
2084	2064	2536	491.60375899999997
2084	2060	2536	491.659088
2084	2060	2536	491.674163
2084	2064	2536	491.704376
2084	2064	2536	491.77484100000004
2084	2060	2536	491.784942
2084	2060	2536	491.789825
2084	2060	2536	491.804931
2084	2060	2536	491.815307
2084	2060	2536	491.865356
2084	2064	2536	491.885437
2084	2064	2536	491.895629
2084	2064	2536	491.90551700000003
2084	2064	2536	491.915679
2084	2060	2536	491.981018
2084	2060	2536	491.996063
2084	2064	2536	492.001007
2084	2064	2536	492.021179
2084	2064	2532	492.03125
2084	2060	2532	492.0867
2084	2060	2536	492.096771
2084	2064	2536	492.121887
2084	2060	2532	492.157012
2084	2060	2532	492.167022
2084	2064	2536	492.177307
2084	2060	2536	492.202331
2084	2064	2536	492.24249199999997
2084	2060	2536	492.252563
2084	2060	2536	492.262573
2084	2060	2536	492.27288799999997
2084	2060	2536	492.302978
2084	2060	2532	492.307891
2084	2064	2532	492.338348
2084	2060	2536	492.348144
2084	2060	2536	492.36322
2084	2060	2536	492.37322900000004
2084	2064	2536	492.458984
2084	2064	2536	492.463836
2084	2060	2532	492.473785
2084	2060	2532	492.493957
2084	2060	2532	492.499359
2084	2060	2536	492.55422899999996
2084	2060	2536	492.56451400000003
2084	2060	2536	492.57962
2084	2060	2536	492.589538
2084	2060	2536	492.594604
2084	2060	2536	492.64984100000004
2084	2060	2536	492.67004299999996
2084	2060	2540	492.680023
2084	2060	2536	492.730285
2084	2060	2532	492.750488
2084	2060	2532	492.76065
2084	2060	2536	492.770599
2084	2060	2532	492.775573
2088	2060	2536	492.835998
2088	2060	2536	492.866271
2088	2060	2536	492.881225
2088	2060	2536	492.936553
2084	2060	2536	492.95678699999996
2084	2060	2536	492.97174
2084	2060	2536	492.981994
2084	2060	2532	493.04220499999997
2084	2060	2532	493.062652
2084	2060	2532	493.072326
2084	2060	2536	493.087554
2084	2060	2536	493.14779599999997
2084	2064	2536	493.162872
2084	2064	2532	493.17294300000003
2084	2060	2532	493.193054
2084	2060	2532	493.203216
2084	2060	2536	493.243316
2084	2060	2536	493.26858500000003
2084	2060	2536	493.29364
2084	2064	2536	493.354034
2084	2064	2532	493.36914
2084	2064	2536	493.379272
2084	2064	2536	493.394226
2084	2060	2536	493.459594
2084	2060	2536	493.484771
2084	2060	2536	493.51007
2084	2060	2536	493.555114
2084	2060	2536	493.565246
2084	2060	2536	493.57022
2084	2060	2536	493.57559200000003
2084	2060	2536	493.595397
2084	2060	2536	493.605682
2084	2060	2536	493.655731
2084	2060	2536	493.66616799999997
2084	2060	2532	493.696014
2084	2060	2536	493.706329
2084	2064	2536	493.741424
2084	2064	2536	493.751312
2084	2064	2536	493.761322
2084	2064	2536	493.776458
2084	2064	2536	493.786651
2084	2060	2536	493.83178699999996
2084	2060	2536	493.84182699999997
2084	2064	2536	493.851898
2084	2060	2536	493.8721
2084	2060	2536	493.922271
2088	2060	2536	493.932464
2084	2060	2536	493.93746899999996
2084	2060	2536	493.94775300000003
2084	2064	2536	493.957519
2084	2060	2536	493.967803
2084	2060	2536	493.972595
2084	2060	2536	494.022827
2084	2060	2536	494.058044
2084	2060	2536	494.068603
2088	2060	2536	494.123382
2088	2060	2536	494.13858
2088	2060	2536	494.14358500000003
2084	2060	2532	494.17373599999996
2084	2060	2536	494.26947
2084	2060	2536	494.284362
2088	2056	2536	494.314636
2084	2060	2536	494.40512
2084	2064	2536	494.42019600000003
2084	2064	2536	494.440338
2084	2060	2536	494.49078299999996
2084	2060	2536	494.505676
2084	2060	2536	494.525817
2084	2060	2540	494.540893
2084	2060	2536	494.58633399999997
2084	2060	2536	494.611267
2084	2060	2536	494.616607
2084	2060	2536	494.626342
2084	2060	2536	494.636474
2084	2060	2536	494.691894
2084	2060	2536	494.70678699999996
2084	2060	2536	494.717102
2084	2060	2536	494.72702
2084	2064	2536	494.742095
2084	2060	2536	494.832763
2084	2060	2540	494.84277299999997
2084	2060	2536	494.862762
2084	2060	2536	494.91805999999997
2084	2060	2536	494.928131
2084	2060	2536	494.943389
2084	2064	2536	494.958374
2084	2064	2536	494.96337800000003
2084	2060	2536	495.03396599999996
2084	2064	2536	495.043975
2084	2064	2536	495.064056
2084	2064	2536	495.069
2084	2060	2536	495.119323
2084	2060	2536	495.129394
2084	2060	2536	495.154632
2084	2060	2536	495.16454999999996
2084	2060	2540	495.229888
2084	2060	2536	495.240142
2084	2064	2536	495.25003
2084	2060	2536	495.265075
2084	2060	2536	495.340576
2084	2064	2536	495.350646
2084	2064	2536	495.35589500000003
2088	2064	2536	495.375793
2088	2064	2536	495.380767
2084	2060	2536	495.39083800000003
2084	2064	2536	495.446166
2084	2060	2536	495.46643
2084	2060	2536	495.471343
2084	2060	2536	495.476531
2084	2060	2536	495.491455
2084	2060	2536	495.566986
2084	2060	2536	495.582061
2084	2060	2536	495.597625
2084	2060	2532	495.602172
2084	2060	2532	495.607147
2084	2060	2532	495.617218
2088	2060	2536	495.657379
2084	2060	2532	495.66751
2084	2064	2536	495.677642
2084	2064	2532	495.682586
2084	2064	2536	495.687561
2084	2060	2536	495.697784
2084	2060	2536	495.78311099999996
2084	2060	2536	495.80841
2084	2060	2536	495.813354
2088	2060	2536	495.823516
2084	2060	2536	495.838562
2084	2060	2536	495.888916
2084	2060	2536	495.903747
2084	2060	2536	495.913879
2084	2060	2536	495.924102
2084	2060	2536	495.944091
2084	2060	2536	496.00946
2084	2060	2536	496.024475
2084	2064	2536	496.02957100000003
2084	2060	2536	496.039855
2084	2060	2536	496.044647
2084	2060	2536	496.05487
2084	2064	2536	496.130157
2084	2064	2536	496.155303
2084	2064	2536	496.160491
2084	2064	2536	496.17535399999997
2084	2060	2536	496.220703
2084	2064	2536	496.235748
2084	2060	2536	496.25592
2084	2060	2536	496.316345
2084	2064	2536	496.336303
2084	2064	2536	496.346527
2084	2060	2536	496.36672899999996
2084	2064	2536	496.416809
2084	2064	2536	496.421813
2084	2064	2536	496.43188399999997
2084	2064	2536	496.44226000000003
2084	2064	2536	496.452026
2084	2060	2536	496.51242
2084	2060	2536	496.527496
2084	2060	2536	496.557647
2084	2060	2536	496.603088
2084	2060	2536	496.61294499999997
2084	2060	2536	496.618133
2084	2060	2536	496.628021
2084	2060	2536	496.638214
2084	2060	2536	496.713562
2084	2060	2536	496.728607
2084	2060	2536	496.73883
2084	2060	2532	496.75381400000003
2084	2060	2532	496.764007
2084	2060	2536	496.849395
2084	2060	2536	496.864562
2084	2060	2536	496.869598
2084	2060	2536	496.879547
2084	2060	2536	496.94992
2088	2060	2536	496.975128
2088	2060	2536	497.025421
2088	2064	2536	497.0354
2088	2060	2536	497.050506
2088	2060	2536	497.055572
2084	2060	2536	497.100799
2088	2060	2536	497.13095
2088	2060	2536	497.141052
2088	2060	2536	497.14608699999997
2088	2060	2532	497.15621899999996
2084	2060	2536	497.19635
2084	2060	2536	497.201416
2084	2060	2536	497.206665
2088	2060	2532	497.246765
2084	2060	2536	497.317199
2084	2060	2536	497.327331
2084	2060	2536	497.337219
2084	2060	2536	497.34729
2084	2060	2536	497.357482
2084	2060	2536	497.412689
2084	2060	2532	497.427764
2084	2060	2536	497.437805
2084	2060	2536	497.45309399999996
2084	2064	2536	497.508239
2084	2060	2536	497.538452
2084	2060	2532	497.548492
2084	2060	2536	497.563598
2084	2060	2536	497.619049
2084	2060	2536	497.639007
2084	2060	2536	497.659149
2084	2064	2536	497.704406
2084	2064	2536	497.71948199999997
2084	2064	2536	497.724517
2084	2064	2536	497.739624
2084	2064	2540	497.810241
2084	2060	2536	497.825073
2084	2060	2536	497.830108
2084	2060	2536	497.840148
2084	2060	2536	497.895538
2084	2060	2536	497.920684
2084	2060	2536	497.930908
2084	2060	2536	497.945922
2084	2060	2536	497.950866
2084	2060	2536	498.001129
2084	2064	2536	498.011474
2084	2064	2536	498.021209
2084	2064	2536	498.036285
2084	2060	2536	498.046417
2088	2060	2536	498.107025
2084	2060	2536	498.11679000000004
2084	2060	2536	498.12692200000004
2084	2060	2536	498.13208
2084	2060	2536	498.14212
2084	2060	2536	498.217376
2088	2060	2536	498.22247300000004
2088	2064	2536	498.247528
2088	2064	2536	498.25277700000004
2084	2060	2536	498.262603
2084	2060	2536	498.333435
2084	2060	2536	498.3432
2084	2060	2536	498.36318900000003
2084	2060	2536	498.428894
2084	2060	2536	498.45877
2088	2060	2536	498.483947
2088	2060	2536	498.52932699999997
2084	2060	2536	498.549316
2084	2060	2536	498.564575
2084	2060	2536	498.639862
2084	2060	2536	498.644958
2084	2060	2536	498.675079
2084	2064	2536	498.760742
2084	2060	2536	498.76559399999996
2084	2060	2536	498.780639
2084	2060	2536	498.790863
2084	2060	2536	498.851196
2084	2060	2536	498.856414
2084	2060	2536	498.881195
2084	2060	2536	498.886291
2084	2060	2536	498.891479
2084	2060	2536	498.941619
2084	2060	2540	498.956878
2084	2060	2536	498.97695899999997
2084	2060	2536	498.98706
2084	2060	2536	499.06237699999997
2084	2060	2536	499.077423
2084	2060	2536	499.087615
2084	2060	2536	499.183197
2084	2060	2536	499.21337800000003
2084	2060	2536	499.218383
2088	2060	2536	499.273559
2084	2060	2536	499.283569
2084	2064	2536	499.29367
2084	2060	2536	499.303924
2084	2060	2536	499.31881699999997
2084	2060	2536	499.404388
2088	2064	2536	499.419708
2088	2064	2536	499.434509
2084	2060	2536	499.479797
2084	2060	2536	499.494873
2084	2060	2536	499.500061
2084	2060	2532	499.52004999999997
2084	2060	2536	499.53515600000003
2084	2060	2536	499.57550000000003
2084	2060	2536	499.58551
2084	2060	2536	499.59555
2084	2060	2536	499.600524
2084	2060	2536	499.61578299999996
2084	2060	2536	499.62564
2084	2060	2536	499.67114200000003
2084	2060	2536	499.69097899999997
2084	2060	2536	499.706115
2084	2060	2540	499.721221
2084	2060	2536	499.72625700000003
2084	2060	2536	499.77657999999997
2084	2064	2536	499.78659
2084	2060	2536	499.826904
2084	2060	2536	499.887176
2084	2060	2536	499.932617
2084	2060	2536	500.002929
2084	2060	2536	500.007904
2084	2060	2532	500.023162
2084	2060	2536	500.068328
2084	2060	2536	500.073303
2084	2060	2536	500.088348
2084	2064	2536	500.093597
2084	2064	2536	500.098571
2084	2060	2536	500.178985
2084	2060	2536	500.19415200000003
2084	2060	2536	500.199066
2084	2060	2536	500.214202
2084	2060	2536	500.244323
2084	2064	2536	500.25442499999997
2084	2064	2536	500.26947
2084	2060	2536	500.279541
2084	2060	2536	500.28970300000003
2084	2060	2536	500.355133
2084	2060	2536	500.359985
2084	2060	2536	500.365051
2084	2060	2536	500.369995
2084	2060	2536	500.385223
2084	2060	2536	500.39035
2084	2060	2536	500.395263
2084	2060	2532	500.460601
2084	2060	2536	500.475738
2084	2060	2536	500.48587
2084	2060	2532	500.526
2084	2060	2536	500.536071
2084	2064	2536	500.551269
2084	2064	2536	500.561157
2084	2064	2536	500.636657
2084	2064	2536	500.666992
2084	2064	2536	500.67184399999996
2084	2064	2536	500.676879
2084	2060	2536	500.682006
2084	2064	2536	500.68695
2084	2060	2536	500.77246
2084	2060	2536	500.782623
2084	2064	2536	500.842895
2084	2060	2536	500.87298499999997
2084	2060	2536	500.878173
2084	2060	2536	500.88809200000003
2084	2060	2536	500.968536
2084	2060	2536	500.978698
2084	2060	2536	500.998718
2088	2064	2536	501.069488
2088	2060	2536	501.084381
2088	2060	2536	501.094268
2084	2064	2536	501.104492
2084	2064	2536	501.184844
2084	2064	2536	501.194885
2084	2060	2536	501.245178
2084	2060	2536	501.26025300000003
2088	2060	2536	501.290435
2084	2064	2536	501.30072
2084	2060	2536	501.345825
2084	2060	2536	501.3609
2084	2060	2536	501.385986
2084	2060	2536	501.391418
2084	2060	2536	501.401336
2084	2060	2536	501.461547
2084	2060	2536	501.476654
2084	2060	2536	501.496826
2084	2060	2536	501.552124
2084	2064	2536	501.562225
2084	2064	2536	501.572204
2084	2064	2536	501.59262
2084	2064	2536	501.647552
2084	2064	2536	501.667999
2084	2064	2536	501.673004
2084	2064	2536	501.687835
2084	2064	2536	501.697814
2084	2064	2536	501.702972
2084	2060	2536	501.763397
2084	2060	2536	501.76831
2084	2060	2536	501.773315
2084	2060	2536	501.783386
2084	2060	2536	501.78860399999996
2084	2060	2536	501.793548
2084	2064	2536	501.838714
2084	2064	2536	501.858795
2084	2064	2536	501.878997
2084	2064	2536	501.88397199999997
2084	2060	2536	501.894073
2088	2060	2536	501.944396
2084	2060	2536	501.959472
2084	2060	2536	501.969451
2084	2060	2536	501.974517
2084	2060	2536	501.989562
2088	2060	2536	502.039978
2088	2056	2536	502.070068
2088	2060	2536	502.0802
2088	2060	2536	502.170654
2088	2060	2536	502.17568900000003
2088	2060	2536	502.180877
2088	2060	2536	502.195892
2088	2060	2536	502.20590200000004
2084	2060	2536	502.266235
2084	2060	2536	502.276519
2084	2060	2536	502.29135099999996
2084	2060	2540	502.301422
2084	2060	2536	502.306427
2084	2064	2536	502.311706
2084	2064	2536	502.371795
2088	2064	2536	502.381988
2084	2064	2536	502.402038
2084	2064	2536	502.417144
2088	2060	2536	502.47256400000003
2084	2064	2536	502.477783
2084	2060	2536	502.492553
2084	2060	2536	502.507965
2084	2060	2536	502.517883
2084	2064	2536	502.593231
2084	2060	2536	502.603393
2084	2064	2536	502.65362500000003
2084	2060	2540	502.68377599999997
2084	2060	2540	502.688781
2084	2060	2536	502.698822
2084	2060	2536	502.703979
2084	2060	2536	502.708953
2088	2060	2536	502.774261
2088	2060	2536	502.784332
2088	2060	2536	502.78952
2088	2060	2536	502.809478
2084	2060	2536	502.864898
2084	2060	2536	502.869873
2088	2060	2532	502.880126
2088	2060	2532	502.889953
2084	2060	2536	502.975372
2084	2060	2536	502.985473
2084	2060	2536	502.990478
2084	2060	2532	503.076019
2084	2060	2536	503.081268
2084	2060	2536	503.086059
2084	2060	2536	503.096252
2084	2060	2536	503.101196
2084	2060	2536	503.11129700000004
2088	2060	2536	503.116271
2084	2060	2536	503.186645
2084	2060	2540	503.191864
2084	2060	2540	503.19671600000004
2084	2060	2540	503.20684800000004
2084	2060	2540	503.21673499999997
2084	2060	2536	503.231964
2084	2060	2536	503.29244900000003
2088	2060	2536	503.302398
2084	2060	2536	503.317504
2084	2060	2536	503.34259
2084	2060	2536	503.34756400000003
2084	2064	2540	503.407958
2084	2060	2536	503.42807
2084	2064	2536	503.43814
2084	2060	2536	503.453399
2084	2060	2536	503.52374199999997
2084	2060	2536	503.528747
2084	2060	2536	503.538696
2084	2060	2536	503.553894
2084	2060	2536	503.56890799999996
2084	2060	2536	503.669433
2084	2060	2536	503.67453
2084	2060	2536	503.679687
2084	2060	2536	503.689788
2084	2060	2536	503.739929
2084	2060	2536	503.749908
2084	2064	2536	503.765228
2084	2060	2536	503.78036399999996
2084	2060	2536	503.795227
2084	2060	2536	503.870666
2084	2060	2536	503.88061500000003
2084	2060	2536	503.94604400000003
2084	2060	2536	503.956207
2084	2060	2536	503.981414
2084	2060	2536	503.991455
2084	2060	2536	503.996582
2084	2060	2536	504.051788
2084	2064	2536	504.076812
2084	2064	2536	504.091949
2084	2060	2536	504.142364
2084	2060	2536	504.152313
2084	2060	2536	504.15731800000003
2084	2060	2536	504.167724
2084	2060	2536	504.177551
2084	2060	2536	504.182525
2084	2060	2536	504.248107
2084	2060	2536	504.27835
2088	2060	2536	504.288452
2088	2060	2536	504.293243
2084	2060	2536	504.34848
2084	2060	2536	504.383666
2084	2060	2536	504.38885400000004
2084	2060	2536	504.393737
2084	2060	2536	504.39898600000004
2084	2060	2536	504.469268
2084	2060	2536	504.484313
2084	2060	2536	504.489501
2084	2060	2536	504.504455
2084	2060	2536	504.50939900000003
2088	2060	2536	504.559936
2088	2060	2536	504.590057
2084	2060	2536	504.665374
2084	2060	2536	504.68048
2084	2060	2536	504.690826
2084	2060	2532	504.756042
2084	2060	2536	504.76596
2084	2060	2532	504.776031
2084	2060	2532	504.78598
2084	2060	2532	504.796203
2084	2060	2532	504.811401
2084	2060	2536	504.846405
2088	2060	2536	504.86654599999997
2088	2060	2536	504.871582
2088	2060	2536	504.876617
2084	2060	2532	504.891906
2084	2060	2536	504.941986
2084	2060	2536	504.94696
2084	2060	2536	504.957092
2084	2060	2536	504.967102
2084	2060	2536	504.977172
2084	2060	2536	504.99234
2084	2064	2536	505.032531
2088	2060	2536	505.062652
2088	2060	2536	505.077789
2088	2060	2536	505.082946
2084	2060	2536	505.143127
2084	2064	2536	505.153259
2084	2064	2536	505.16830400000003
2084	2060	2540	505.21862699999997
2088	2060	2540	505.243988
2088	2060	2536	505.254241
2088	2056	2536	505.273956
2084	2060	2536	505.324249
2084	2064	2536	505.339294
2084	2064	2536	505.349395
2084	2060	2536	505.364471
2084	2060	2536	505.440063
2084	2064	2536	505.449981
2084	2060	2536	505.4552
2084	2060	2536	505.460113
2084	2060	2536	505.480133
2084	2060	2536	505.490203
2088	2060	2536	505.555633
2084	2060	2536	505.565612
2084	2060	2536	505.575805
2084	2064	2536	505.585815
2084	2060	2532	505.66632
2084	2060	2536	505.671478
2084	2060	2536	505.68637
2084	2060	2532	505.696594
2084	2060	2536	505.777191
2084	2060	2536	505.791931
2084	2060	2536	505.79708800000003
2084	2060	2536	505.802215
2084	2060	2536	505.80703700000004
2084	2060	2536	505.822143
2084	2060	2536	505.877532
2088	2060	2536	505.887512
2084	2060	2532	505.922821
2088	2060	2536	505.968048
2088	2060	2536	505.983093
2084	2060	2532	506.008331
2088	2060	2536	506.013275
2084	2060	2536	506.06356800000003
2088	2060	2536	506.07369900000003
2084	2060	2536	506.083648
2084	2060	2536	506.11383
2084	2060	2536	506.118957
2084	2060	2536	506.169311
2088	2060	2536	506.179412
2088	2060	2536	506.194274
2084	2060	2536	506.204406
2084	2060	2536	506.269805
2084	2060	2536	506.27481
2084	2060	2536	506.28491199999996
2088	2060	2536	506.309997
2084	2060	2536	506.370391
2084	2060	2536	506.375427
2084	2060	2536	506.380676
2084	2060	2536	506.40063399999997
2084	2060	2536	506.405609
2084	2060	2536	506.41574
2084	2060	2536	506.46112
2084	2060	2536	506.48623599999996
2084	2060	2536	506.496154
2084	2060	2536	506.51126
2084	2060	2536	506.577026
2084	2060	2536	506.58197
2084	2060	2536	506.59173499999997
2084	2060	2536	506.611907
2088	2060	2536	506.687316
2088	2060	2536	506.697296
2088	2060	2536	506.707397
2088	2060	2536	506.722778
2088	2060	2536	506.78790200000003
2084	2060	2536	506.792907
2084	2060	2536	506.79794300000003
2084	2060	2536	506.813171
2084	2060	2540	506.828277
2084	2060	2536	506.908782
2084	2060	2536	506.91864
2084	2060	2536	506.933715
2084	2060	2536	506.944091
2084	2060	2536	506.984222
2084	2060	2536	506.99411
2084	2064	2536	507.01919499999997
2084	2064	2536	507.034332
2084	2064	2536	507.03954999999996
2084	2060	2536	507.049438
2084	2060	2536	507.064636
2084	2060	2536	507.07998599999996
2084	2060	2536	507.094696
2084	2060	2536	507.110046
2084	2060	2540	507.23055999999997
2084	2064	2540	507.24557400000003
2084	2060	2536	507.290802
2084	2060	2536	507.295959
2084	2060	2536	507.30618200000004
2084	2060	2536	507.311004
2084	2060	2536	507.31604
2088	2060	2536	507.331207
2084	2060	2536	507.33612
2084	2060	2536	507.346405
2084	2060	2536	507.35134800000003
2084	2060	2536	507.366516
2084	2060	2536	507.39144799999997
2088	2060	2536	507.406585
2084	2060	2540	507.432281
2084	2060	2536	507.44680700000004
2084	2064	2536	507.481994
2084	2064	2536	507.48699899999997
2084	2060	2536	507.49722199999997
2084	2060	2536	507.547576
2084	2060	2536	507.557464
2084	2060	2536	507.58258
2084	2060	2536	507.60272199999997
2084	2060	2536	507.612792
2088	2056	2536	507.718505
2088	2060	2536	507.728515
2092	2056	2528	507.758819
2096	2068	2536	507.763671
2100	2060	2544	507.813903
2096	2088	2536	507.819213
2100	2076	2544	507.829711
2088	2048	2540	507.83917199999996
2084	2052	2536	507.849243
2084	2048	2540	507.859313
2088	2068	2536	507.929687
2096	2060	2536	507.944885
2084	2060	2540	507.954864
2088	2064	2536	507.964874
2092	2068	2536	507.974853
2088	2060	2536	508.075531
2092	2060	2536	508.085571
2092	2060	2536	508.11105299999997
2088	2064	2536	508.166015
2092	2060	2536	508.171081
2088	2056	2532	508.186096
2088	2056	2536	508.20120199999997
2092	2056	2536	508.206298
2088	2056	2532	508.221435
2092	2060	2536	508.29675199999997
2096	2068	2536	508.301849
2088	2060	2532	508.312225
2092	2064	2536	508.326965
2096	2060	2536	508.377441
2084	2044	2536	508.392517
2096	2052	2536	508.397369
2096	2048	2536	508.402496
2100	2068	2532	508.407623
2076	2068	2532	508.41751
2092	2044	2536	508.42752
2104	2052	2536	508.4328
2096	2040	2536	508.482971
2076	2096	2532	508.498046
2088	2028	2540	508.508087
2108	2036	2536	508.513305
2096	2088	2532	508.52313200000003
2068	2084	2528	508.528167
2096	2020	2532	508.538452
2100	2040	2540	508.59378
2068	2048	2536	508.613739
2088	2032	2540	508.61868200000004
2112	2044	2536	508.623687
2092	2092	2532	508.634124
2092	2100	2536	508.714447
2072	2036	2540	508.72436500000003
2096	2036	2540	508.72937
2116	2060	2532	508.73458800000003
2076	2092	2528	508.74453700000004
2116	2044	2536	508.759613
2120	2044	2540	508.840057
2116	2060	2532	508.87023899999997
2064	2080	2532	508.88031
2116	2080	2532	508.950683
2084	2100	2532	508.95584099999996
2080	2040	2540	508.96585
2104	2032	2536	508.970825
2080	2036	2532	508.990966
2112	2060	2536	509.001037
2088	2116	2532	509.056365
2072	2044	2536	509.061706
2096	2044	2540	509.096557
2104	2052	2544	509.16195600000003
2076	2080	2536	509.177032
2088	2040	2540	509.182006
2092	2064	2532	509.192199
2064	2072	2532	509.202209
2096	2036	2544	509.207305
2096	2076	2524	509.262512
2080	2056	2524	509.272613
2096	2080	2544	509.287994
2076	2048	2528	509.337982
2104	2068	2532	509.34301700000003
2100	2052	2544	509.368133
2088	2052	2544	509.378173
2096	2080	2524	509.39328
2084	2060	2528	509.43872
2076	2056	2532	509.45874000000003
2088	2080	2532	509.47891200000004
2080	2032	2536	509.539123
2088	2052	2540	509.559387
2088	2092	2536	509.589447
2088	2072	2532	509.594421
2100	2084	2544	509.664886
2092	2092	2540	509.669891
2112	2052	2540	509.680267
2104	2060	2520	509.700103
2088	2068	2532	509.765716
2092	2068	2524	509.775756
2092	2016	2532	509.785614
2088	2080	2516	509.851043
2092	2080	2524	509.86602700000003
2092	2032	2532	509.87622
2084	2092	2544	509.891296
2088	2000	2532	509.896209
2092	2068	2536	509.971832
2084	2048	2536	509.981719
2092	2104	2544	509.991851
2108	2024	2544	510.002075
2084	2100	2512	510.077362
2092	2024	2524	510.087402
2128	2064	2556	510.107421
2116	2016	2548	510.122741
2128	2040	2532	510.172912
2052	2060	2536	510.198028
2116	2104	2524	510.208068
2088	2032	2528	510.268524
2124	2108	2528	510.288482
2076	2028	2548	510.298828
2096	2092	2532	510.323852
2132	2108	2536	510.38406299999997
2124	2088	2536	510.399291
2072	2016	2552	510.409515
2096	2040	2524	510.459716
2084	2068	2524	510.469635
2112	2100	2524	510.47970499999997
2068	2008	2524	510.504913
2072	2036	2528	510.565338
2096	2052	2516	510.570312
2096	2032	2528	510.585418
2072	2028	2528	510.600494
2080	2052	2548	510.610473
2076	2016	2532	510.615631
2120	2084	2592	510.65072599999996
2108	2080	2660	510.665893
2084	2060	2680	510.670928
2092	2060	2716	510.691131
2088	2092	2728	510.706115
2116	2056	2696	510.761413
2112	2076	2692	510.766632
2092	2044	2676	510.78671199999997
2088	2024	2580	510.852172
2104	2080	2536	511.79229699999996
2088	2076	2528	511.797485
2108	2072	2540	511.807403
2108	2072	2556	511.84262
2080	2064	2552	511.84765600000003
2100	2072	2560	511.85281299999997
2096	2056	2564	511.862915
2084	2076	2564	511.872802
2100	2064	2564	511.877807
2080	2088	2568	511.88784699999997
2084	2064	2572	511.923065
2100	2072	2576	511.933349
2084	2080	2576	511.938201
2092	2052	2572	511.953277
2100	2092	2568	511.958312
2100	2060	2576	511.968322
2072	2048	2576	511.978515
2084	2072	2592	512.01889
2080	2072	2588	512.033782
2104	2084	2584	512.043853
2096	2064	2568	512.154418
2088	2064	2576	512.16452
2104	2080	2556	512.184753
2092	2072	2564	512.204772
2104	2076	2540	512.285339
2096	2060	2548	512.290252
2092	2036	2532	512.315399
2084	2052	2524	512.330444
2112	2052	2544	512.400878
2052	2092	2524	512.405914
2120	2020	2536	512.416259
2096	2036	2532	512.43106
2084	2048	2516	512.491455
2096	2080	2532	512.51181
2052	2068	2516	512.521575
2120	2044	2540	512.56192
2068	2060	2528	512.566864
2092	2072	2548	512.577392
2068	2064	2516	512.582214
2100	2052	2540	512.637237
2084	2040	2520	512.642517
2096	2100	2528	512.647705
2084	2040	2512	512.657562
2104	2104	2532	512.677673
2092	2020	2512	512.757965
2092	2052	2516	512.77301
2104	2068	2536	512.783386
2068	2072	2512	512.808441
2128	2056	2544	512.858764
2064	2096	2524	512.868713
2124	2080	2552	512.87384
2076	2076	2532	512.883758
2120	2048	2552	512.888763
2104	2092	2536	512.959106
2044	2048	2508	512.96936
2116	2088	2544	512.974212
2052	2048	2520	512.984619
2112	2060	2540	512.994445
2080	2028	2536	513.054687
2120	2088	2552	513.06488
2124	2100	2548	513.079925
2116	2100	2548	513.095001
2100	2080	2532	513.105102
2116	2060	2544	513.155426
2108	2084	2536	513.180572
2076	2060	2524	513.190521
2104	2116	2540	513.195526
2092	2032	2532	513.261077
2124	2072	2548	513.271606
2064	2080	2536	513.281066
2096	2052	2536	513.306335
2096	2072	2548	513.316223
2080	2080	2536	513.386871
2060	2016	2524	513.427215
2064	2056	2512	513.487213
2108	2012	2504	513.497283
2060	2064	2500	513.502502
2096	2024	2488	513.51239
2112	2016	2468	513.52777
2124	2128	2508	513.582916
2092	1992	2492	513.588012
2124	2124	2512	513.5979
2096	1992	2504	513.602935
2128	2128	2512	513.613037
2092	2020	2508	513.633148
2124	2060	2508	513.703674
2080	2048	2524	513.708648
2120	2068	2516	513.718658
2096	2040	2508	513.773925
2100	2080	2536	513.78421
2096	2060	2540	513.799011
2092	2084	2540	513.814117
2080	2060	2524	513.824371
2120	2092	2544	513.829345
2080	2016	2520	513.879455
2120	2052	2556	513.889556
2076	2116	2536	513.899719
2144	2060	2560	513.919891
2076	2124	2540	513.929748
2124	2060	2560	513.980285
2100	2068	2556	513.990295
2088	2044	2548	514.025482
2104	2060	2560	514.035461
2084	2064	2548	514.070678
2084	2064	2540	514.085784
2108	2080	2556	514.090728
2088	2064	2564	514.095825
2064	2072	2536	514.10086
2104	2068	2556	514.125946
2076	2048	2544	514.176391
2104	2080	2556	514.196441
2092	2044	2548	514.201354
2108	2096	2556	514.226715
2100	2088	2552	514.281951
2112	2048	2556	514.286926
2092	2104	2556	514.297027
2052	2040	2540	514.307312
2052	2052	2532	514.322143
2116	2040	2552	514.332122
2124	2068	2576	514.387695
2084	2040	2568	514.407745
2092	2060	2560	514.412658
2064	2040	2552	514.42276
2096	2036	2560	514.432769
2100	2088	2556	514.442749
2100	2056	2552	514.498107
2112	2076	2556	514.533386
2076	2044	2556	514.538635
2096	2084	2560	514.548614
2128	2092	2556	514.588836
2088	2056	2556	514.593719
2124	2084	2560	514.604064
2076	2052	2552	514.613861
2116	2048	2556	514.62384
2092	2096	2548	514.634094
2092	2044	2548	514.639129
2080	2088	2544	514.704376
2108	2104	2544	514.719512
2084	2056	2556	514.724395
2124	2080	2556	514.734558
2064	2076	2540	514.744598
2116	2072	2548	514.809997
2112	2088	2548	514.820007
2052	2024	2540	514.8304439999999
2108	2088	2548	514.840209
2100	2060	2544	514.850189
2104	2060	2544	514.855285
2080	2060	2544	514.860382
2096	2048	2540	514.905853
2064	2060	2548	514.915679
2116	2064	2544	514.925903
2092	2080	2536	514.955871
2088	2060	2560	515.016265
2108	2072	2556	515.026428
2084	2076	2544	515.041351
2080	2048	2544	515.051422
2072	2064	2556	515.061401
2080	2044	2540	515.066497
2100	2064	2552	515.116851
2080	2044	2552	515.121978
2096	2068	2544	515.12677
2076	2048	2544	515.136871
2092	2056	2548	515.141906
2084	2064	2552	515.146942
2064	2068	2552	515.162231
2076	2040	2556	515.19223
2088	2056	2552	515.212371
2084	2056	2544	515.222564
2072	2096	2536	515.232666
2104	2048	2536	515.242492
2072	2032	2544	515.267669
2096	2072	2540	515.272857
2084	2092	2552	515.27777
2084	2060	2536	515.287933
2064	2076	2536	515.303039
2100	2040	2548	515.31311
2096	2052	2540	515.328063
2080	2056	2560	515.338043
2068	2048	2548	515.358276
2088	2056	2544	515.373291
2096	2060	2548	515.383514
2080	2052	2532	515.443695
2092	2060	2532	515.453735
2068	2048	2500	515.479248
2080	2068	2508	515.483917
2068	2064	2484	515.494201
2100	2120	2500	515.574523
2120	2020	2504	515.594726
2048	2020	2476	515.599731
2104	2044	2512	515.609771
2104	2104	2500	515.61975
2032	2040	2476	515.629791
2076	2064	2496	515.710449
2108	2068	2500	515.715454
2124	2068	2508	515.730377
2048	2064	2500	515.74057
2084	2064	2504	515.750488
2128	2068	2512	515.805999
2028	2044	2504	515.815887
2044	2040	2500	515.830993
2112	2060	2500	515.83612
2044	2036	2504	515.846099
2084	2096	2504	515.856079
2032	2028	2512	516.172973
2096	2072	2520	516.177947
2104	2064	2520	516.183013
2028	2052	2508	516.188049
2108	2060	2528	516.198577
2024	2044	2504	516.203186
2108	2052	2524	516.213226
2116	2080	2528	516.223236
2104	2052	2532	516.258422
2112	2076	2540	516.268554
2084	2048	2536	516.273559
2056	2048	2536	516.278808
2116	2076	2540	516.28363
2080	2052	2544	516.288665
2052	2068	2532	516.293731
2072	2056	2544	516.304229
2068	2068	2540	516.353973
2108	2104	2544	516.35968
2104	2092	2548	516.374145
2068	2064	2532	516.384216
2060	2044	2536	516.394378
2056	2064	2532	516.399627
2088	2036	2512	516.424774
2080	2088	2472	516.43457
2096	2040	2392	516.454559
2068	2036	2352	516.460266
2076	2024	2360	516.474731
2076	2056	2452	516.545166
2120	2072	2464	516.555175
2096	2072	2464	516.560546
2004	2072	2460	516.56549
2108	2036	2472	516.570343
2052	2068	2480	516.585327
2136	2036	2468	516.590545
2040	2056	2488	516.650848
2068	2060	2480	516.655914
2064	2040	2496	516.665802
2072	2032	2508	516.68103
2040	2032	2496	516.686126
2100	2100	2508	516.69107
2040	2044	2496	516.701141
2060	2044	2488	516.786834
2132	2048	2516	516.79663
2048	2096	2484	516.806945
2132	2044	2516	516.811737
2104	2052	2496	516.862243
2032	2068	2492	516.867156
2052	2088	2512	516.882446
2088	2032	2520	516.887207
2092	2048	2548	516.91751
2044	2052	2576	516.987762
2104	2024	2592	516.997863
2072	2040	2600	517.023132
2324	1992	2120	517.093414
2144	1964	2004	517.098327
1896	1976	2048	517.10852
2116	2000	2356	517.11856
2160	1972	2376	517.12857
2132	1928	2420	517.133575
2236	1936	2572	517.13861
2256	1948	2712	517.143798
2092	2108	2428	517.188903
2076	2052	2532	517.209228
2104	2084	2544	517.219085
2072	2060	2540	517.234191
2092	2072	2528	517.244445
2096	2052	2520	517.279388
2080	2068	2536	517.289581
2092	2064	2540	517.309539
2080	2060	2532	517.319793
2084	2060	2536	517.380035
2084	2060	2536	517.385223
2088	2060	2536	517.390075
2088	2060	2532	517.395202
2080	2060	2532	517.405517
2084	2064	2532	517.420288
2088	2056	2536	517.425231
2084	2064	2532	517.430297
2088	2064	2536	517.486083
2088	2060	2540	517.495758
2084	2060	2532	517.505737
2080	2064	2536	517.516204
2084	2056	2536	517.520843
2080	2064	2536	517.576202
2084	2060	2536	517.586486
2080	2064	2536	517.59143
2088	2060	2540	517.596343
2084	2060	2536	517.606536
2084	2064	2536	517.611541
2080	2064	2536	517.621368
2084	2060	2536	517.626464
2084	2064	2536	517.681762
2084	2064	2536	517.687042
2080	2064	2532	517.697052
2080	2064	2532	517.712005
2080	2064	2536	517.716979
2080	2064	2536	517.732269
2080	2060	2536	517.782348
2080	2060	2536	517.79251
2080	2060	2536	517.797637
2080	2060	2536	517.812561
2080	2060	2536	517.817626
2084	2060	2536	517.822662
2084	2060	2536	517.827789
2080	2060	2536	517.842773
2080	2060	2536	517.857849
2080	2060	2536	517.862976
2080	2060	2532	517.86795
2080	2060	2532	517.882965
2080	2060	2532	517.888183
2080	2060	2532	517.898071
2080	2060	2536	517.963409
2080	2060	2536	517.968688
2084	2060	2536	517.978546
2084	2060	2536	517.988677
2084	2060	2536	518.003692
2080	2064	2536	518.008819
2084	2060	2536	518.013793
2084	2060	2536	518.069122
2084	2060	2536	518.074035
2084	2060	2536	518.079193
2084	2064	2536	518.084075
2084	2060	2536	518.089477
2084	2064	2536	518.104217
2080	2060	2536	518.164672
2080	2060	2536	518.169769
2080	2060	2536	518.174682
2084	2060	2536	518.195007
2084	2060	2536	518.199859
2080	2064	2536	518.220123
2080	2060	2532	518.280303
2084	2060	2532	518.290496
2084	2060	2536	518.300384
2084	2060	2536	518.310485
2084	2060	2532	518.315673
2080	2060	2536	518.386047
2080	2060	2536	518.395904
2080	2060	2536	518.406066
2080	2064	2536	518.416259
2080	2064	2536	518.426605
2084	2064	2536	518.471466
2084	2060	2532	518.476348
2084	2060	2532	518.491638
2084	2060	2536	518.496582
2084	2060	2536	518.501647
2084	2060	2536	518.526672
2080	2060	2536	518.556854
2080	2060	2536	518.572113
2080	2060	2536	518.582153
2084	2060	2536	518.642547
2084	2060	2532	518.662597
2080	2060	2532	518.677703
2080	2060	2532	518.682739
2080	2060	2536	518.702728
2080	2060	2536	518.71289
2084	2060	2536	518.727874
2084	2060	2536	518.748077
2084	2060	2536	518.763122
2080	2060	2536	518.778289
2084	2060	2536	518.793395
2084	2060	2532	518.798431
2084	2060	2532	518.858764
2084	2060	2536	518.863647
2080	2060	2536	518.874053
2080	2060	2536	518.898864
2080	2064	2532	518.904052
2084	2060	2536	518.979339
2084	2060	2536	518.984405
2084	2060	2536	518.99945
2084	2060	2536	519.00473
2084	2060	2536	519.019683
2084	2060	2536	519.024627
2080	2060	2536	519.070098
2080	2060	2536	519.074951
2080	2060	2536	519.089935
2080	2060	2536	519.095184
2080	2060	2536	519.105163
2080	2060	2536	519.110076
2080	2060	2536	519.185577
2080	2064	2536	519.210723
2080	2064	2536	519.220764
2084	2060	2536	519.271026
2084	2060	2536	519.276123
2084	2060	2536	519.286071
2084	2060	2536	519.301269
2084	2060	2536	519.31137
2084	2060	2536	519.321441
2084	2060	2536	519.381683
2084	2064	2536	519.391967
2084	2064	2536	519.401916
2080	2060	2536	519.422119
2080	2060	2536	519.427215
2080	2064	2532	519.492492
2080	2064	2532	519.502502
2080	2064	2532	519.507476
2080	2064	2532	519.51239
2080	2064	2532	519.517517
2080	2060	2532	519.527526
2080	2060	2536	519.532592
2084	2064	2536	519.582885
2080	2060	2536	519.602996
2080	2060	2536	519.607971
2080	2060	2536	519.618347
2080	2060	2536	519.668457
2080	2060	2536	519.678466
2080	2060	2536	519.698699
2080	2060	2536	519.703613
2080	2060	2536	519.708709
2080	2060	2536	519.779296
2080	2060	2536	519.78421
2080	2060	2536	519.7991939999999
2080	2060	2536	519.8143
2080	2060	2536	519.824371
2080	2060	2536	519.834289
2080	2064	2536	519.919738
2080	2064	2536	519.924896
2080	2064	2536	519.929962
2080	2060	2536	519.945251
2084	2060	2536	519.955078
2080	2060	2536	519.960174
2080	2060	2536	520.035522
2080	2060	2536	520.045745
2080	2060	2536	520.050659
2080	2060	2536	520.055694
2080	2064	2536	520.061035
2080	2064	2536	520.07077
2084	2060	2532	520.105987
2084	2060	2532	520.115997
2084	2060	2536	520.126037
2084	2060	2536	520.136138
2084	2060	2536	520.151245
2084	2060	2536	520.161254
2084	2060	2536	520.206665
2084	2060	2536	520.2117
2080	2060	2536	520.231781
2080	2060	2536	520.236877
2080	2060	2536	520.241882
2080	2060	2536	520.246765
2084	2060	2536	520.256744
2080	2060	2536	520.307281
2084	2060	2536	520.322174
2084	2060	2536	520.32727
2084	2060	2536	520.332305
2084	2060	2536	520.347625
2084	2060	2536	520.407806
2080	2064	2536	520.422912
2080	2064	2536	520.447967
2080	2060	2536	520.538513
2080	2060	2536	520.54367
2084	2060	2536	520.553558
2084	2060	2536	520.563598
2084	2060	2536	520.573974
2084	2060	2536	520.583862
2084	2060	2532	520.59375
2080	2060	2536	520.644042
2080	2060	2536	520.654205
2080	2060	2536	520.664611
2080	2060	2536	520.674316
2080	2060	2540	520.679229
2084	2060	2540	520.6893
2084	2060	2536	520.699523
2080	2060	2536	520.744903
2080	2060	2536	520.749816
2084	2060	2532	520.77481
2084	2060	2532	520.779876
2084	2060	2536	520.789916
2084	2060	2532	520.795104
2084	2060	2536	520.799987
2084	2060	2536	520.845275
2080	2060	2536	520.870391
2080	2060	2536	520.875427
