11	104	-25	480.936126
12	105	-26	480.946166
12	105	-25	480.95135400000004
13	104	-26	480.981384
11	106	-24	480.986511
11	107	-27	480.99176
12	105	-24	480.996459
10	105	-24	481.006591
11	103	-27	481.011596
12	104	-25	481.01653999999996
11	105	-27	481.02682400000003
12	105	-25	481.036804
12	105	-26	481.05703700000004
10	105	-26	481.06692499999997
12	105	-26	481.072113
11	105	-25	481.076965
10	105	-27	481.08197
11	103	-28	481.087036
12	106	-26	481.092224
10	105	-27	481.097076
10	104	-26	481.102172
13	104	-25	481.122406
11	104	-25	481.127197
12	105	-25	481.137329
11	104	-27	481.142364
11	101	-25	481.147308
11	104	-24	481.157653
10	106	-24	481.167541
12	105	-27	481.172576
10	104	-26	481.21289
11	104	-27	481.227783
11	106	-28	481.237915
12	104	-25	481.24291900000003
11	105	-24	481.28842099999997
12	104	-28	481.298339
13	105	-26	481.645477
10	106	-26	481.65551700000003
10	106	-25	481.670471
10	103	-27	481.675842
11	105	-26	481.685607
11	106	-25	481.69049
11	106	-24	481.695587
10	103	-27	481.901855
12	105	-26	481.907043
11	105	-26	481.911895
11	105	-27	481.917053
10	104	-26	481.921936
11	106	-24	481.927001
10	104	-27	481.93197599999996
11	106	-27	481.937164
10	105	-26	481.942047
10	105	-25	481.947143
12	105	-24	481.957427
10	107	-24	482.052673
11	103	-26	482.06796199999997
13	104	-27	482.078277
13	104	-26	482.082916
11	104	-26	482.098052
10	105	-25	482.108093
11	104	-27	482.128112
10	107	-26	482.133331
11	106	-27	482.138244
10	105	-26	482.163696
11	106	-25	482.178405
11	105	-26	482.198883
12	105	-27	482.208648
10	105	-25	482.213592
10	107	-26	482.27398600000004
12	104	-27	482.374572
12	105	-26	482.384613
12	105	-27	482.394805
13	105	-25	482.404785
12	105	-26	482.409942
11	105	-25	482.41983
11	105	-26	482.430053
11	105	-25	482.636077
9	104	-28	482.64135699999997
10	103	-26	482.661285
12	106	-24	482.671356
11	104	-26	482.67633
10	107	-27	482.787109
12	105	-26	482.792053
11	106	-24	482.807098
11	105	-27	482.81237699999997
9	104	-27	482.82730100000003
11	106	-24	482.832275
11	105	-25	482.83727999999996
11	105	-29	482.937835
12	106	-28	482.94287099999997
12	105	-25	482.952972
10	104	-26	482.963165
11	106	-28	482.973052
11	106	-24	483.043884
11	105	-26	483.053558
12	104	-26	483.063629
9	105	-26	483.073638
11	105	-25	483.083892
10	105	-25	483.088775
13	103	-27	483.159149
12	106	-24	483.164337
12	105	-27	483.169189
11	105	-27	483.174255
11	105	-24	483.18936099999996
10	104	-26	483.20489499999996
10	103	-26	483.20968600000003
11	104	-26	483.239593
11	103	-26	483.249664
12	108	-26	483.259735
10	106	-25	483.269805
11	106	-25	483.335266
11	103	-25	483.35028
11	105	-27	483.36026
11	105	-25	483.380676
11	106	-25	483.390533
11	105	-28	483.410644
12	106	-26	483.41571
10	105	-27	483.420684
11	104	-26	483.425659
10	105	-25	483.461029
10	104	-24	483.5065
11	103	-26	483.51126
10	103	-27	483.52124000000003
12	106	-26	483.672241
11	107	-27	483.677368
11	106	-26	483.687347
11	104	-27	483.697448
12	105	-26	483.70223899999996
10	106	-27	483.717407
10	106	-27	483.802947
9	106	-27	483.808166
12	104	-25	483.823028
11	106	-26	483.828216
12	105	-26	483.84826599999997
11	105	-25	483.85830599999997
11	106	-26	483.958984
12	106	-25	483.969085
10	104	-27	483.984008
12	105	-26	483.989074
11	104	-27	484.004119
10	104	-27	484.09466499999996
12	105	-25	484.09967
12	106	-27	484.11474599999997
11	105	-26	484.119995
11	106	-25	484.124725
11	107	-27	484.130096
12	107	-27	484.139923
11	104	-26	484.144897
11	105	-26	484.25082299999997
10	104	-26	484.26559399999996
11	105	-25	484.270812
9	103	-26	484.280639
11	106	-28	484.29580599999997
10	104	-25	484.305877
12	104	-27	484.376281
11	104	-25	484.38156100000003
11	104	-25	484.401428
12	104	-25	484.406433
12	105	-24	484.411682
12	106	-26	484.421691
11	104	-26	484.496948
12	106	-24	484.50201400000003
11	106	-26	484.527099
12	105	-26	484.542327
11	106	-25	484.54794300000003
10	105	-27	484.55233699999997
11	107	-27	484.693298
10	104	-27	484.698181
11	107	-26	484.70849599999997
10	106	-26	484.713256
12	106	-26	484.74356
11	105	-27	484.823944
11	106	-25	484.844085
10	105	-25	484.848999
10	107	-26	484.86413500000003
10	105	-25	484.869567
11	104	-26	484.87442
11	107	-25	484.974975
10	107	-27	484.979827
11	104	-25	484.989868
11	107	-27	484.99996899999996
11	105	-26	485.005096
11	106	-27	485.015319
10	107	-25	485.075469
10	105	-26	485.090423
12	105	-26	485.100769
10	104	-25	485.110565
11	105	-25	485.120666
11	106	-25	485.17098899999996
12	106	-27	485.186035
11	107	-27	485.211303
11	106	-27	485.226318
11	104	-26	485.281616
10	105	-25	485.297271
11	105	-25	485.306915
10	106	-25	485.316833
12	105	-25	485.32705599999997
12	106	-26	485.367126
11	106	-25	485.377319
9	105	-26	485.392364
10	105	-25	485.407379
9	107	-25	485.41751
11	106	-27	485.452667
10	105	-28	485.46768099999997
11	104	-25	485.482757
10	107	-26	485.493011
12	105	-25	485.50296000000003
10	105	-27	485.528289
11	106	-26	485.53317200000004
10	105	-28	485.543182
11	105	-27	485.553558
12	104	-25	485.563201
11	106	-26	485.578491
11	105	-26	485.618835
10	104	-25	485.628631
10	106	-25	485.63870199999997
11	105	-26	485.65896599999996
12	107	-24	485.668945
11	106	-26	485.709075
10	105	-25	485.729339
11	104	-26	485.744354
11	104	-26	485.794647
12	105	-26	485.79965200000004
11	105	-26	485.804626
11	103	-26	485.815002
11	106	-25	485.81991500000004
12	106	-25	485.834838
12	104	-27	485.839843
12	106	-26	485.88510099999996
11	106	-27	485.895263
11	107	-28	485.920318
11	105	-28	485.995758
12	105	-26	486.051177
11	103	-26	486.066192
10	105	-26	486.09637399999997
11	105	-27	486.106475
10	106	-28	486.141967
11	105	-25	486.156707
11	106	-26	486.171936
11	105	-26	486.237548
12	103	-27	486.257324
11	103	-24	486.343048
12	105	-26	486.352874
12	105	-26	486.378082
10	104	-25	486.483673
10	106	-26	486.488708
12	105	-26	486.498779
11	104	-26	486.50906299999997
12	106	-25	486.5289
10	104	-24	486.574249
10	105	-22	486.584808
12	107	-27	486.594329
12	105	-27	486.604461
11	105	-27	486.679779
11	106	-24	486.695068
10	106	-26	486.710052
12	105	-26	486.80053699999996
9	105	-26	486.805572
10	105	-28	486.860992
12	106	-26	486.866088
11	106	-27	486.886016
10	105	-25	486.89624000000003
10	105	-25	486.901123
11	107	-27	486.90625
12	106	-27	486.95660399999997
11	106	-27	486.97146599999996
12	104	-27	486.996887
12	106	-25	487.001739
11	104	-25	487.011749
12	106	-25	487.08734100000004
11	104	-26	487.09729
11	106	-27	487.11233500000003
12	105	-26	487.117401
13	105	-26	487.167602
10	106	-25	487.17269799999997
9	105	-27	487.182769
12	105	-27	487.197814
12	104	-27	487.268463
9	105	-26	487.298461
11	106	-27	487.313629
11	105	-26	487.32354699999996
9	105	-26	487.38406299999997
12	105	-26	487.419219
12	105	-26	487.479644
11	105	-27	487.484558
10	104	-25	487.504577
10	105	-27	487.52484100000004
11	106	-27	487.57000700000003
11	103	-27	487.58013900000003
11	104	-25	487.590393
9	107	-25	487.595245
11	105	-27	487.605224
12	103	-26	487.615295
11	105	-26	487.690765
10	106	-28	487.700775
9	107	-26	487.71588099999997
10	104	-26	487.721008
13	105	-26	487.730957
11	106	-26	487.73605299999997
11	106	-26	487.786315
10	104	-26	487.806549
11	104	-27	487.826477
12	106	-26	487.831756
12	106	-26	487.886932
10	104	-26	487.90216
9	106	-27	487.907043
11	105	-27	487.927062
11	103	-26	487.937316
10	104	-26	488.007537
9	106	-25	488.01763900000003
10	105	-25	488.042877
11	105	-27	488.047821
11	105	-26	488.138427
11	105	-27	488.143463
10	104	-26	488.168426
11	103	-27	488.234008
12	104	-26	488.244018
11	106	-25	488.254058
12	106	-25	488.284484
11	104	-28	488.349609
12	104	-26	488.359832
10	106	-28	488.36975
12	107	-25	488.379699
12	108	-27	488.399993
12	106	-26	488.460266
10	104	-26	488.475494
12	105	-27	488.485412
12	106	-26	488.49548300000004
12	104	-26	488.556152
10	105	-27	488.57086100000004
9	106	-26	488.580963
11	106	-27	488.596252
11	103	-24	488.61114499999996
11	104	-26	488.671447
11	104	-25	488.686828
9	106	-26	488.69165
11	103	-25	488.701599
11	104	-26	488.721954
12	105	-27	488.78231800000003
10	105	-27	488.807342
12	105	-27	488.81237699999997
11	106	-24	488.827484
11	107	-26	488.882995
12	103	-27	488.923004
10	106	-26	488.927978
11	106	-26	488.93307400000003
11	104	-25	488.968261
9	104	-26	488.98330599999997
10	104	-26	489.073913
11	105	-27	489.083953
11	105	-25	489.099029
12	104	-26	489.109375
12	105	-26	489.11929299999997
12	103	-25	489.184539
11	107	-26	489.209808
11	104	-26	489.214721
12	103	-26	489.219696
11	104	-26	489.240142
10	103	-26	489.28515600000003
11	105	-25	489.295135
11	105	-24	489.30017
11	106	-25	489.305358
12	104	-25	489.310241
10	106	-27	489.325378
11	107	-27	489.38070600000003
11	105	-27	489.39074700000003
12	104	-26	489.41085799999996
12	106	-26	489.42102
12	106	-25	489.471282
11	104	-26	489.476226
10	106	-25	489.491363
12	104	-26	489.501525
11	104	-28	489.516479
11	103	-26	489.576782
11	105	-26	489.586853
11	105	-26	489.60229400000003
10	106	-27	489.697631
11	104	-25	489.70754999999997
9	105	-26	489.71762
11	105	-26	489.727844
10	106	-25	489.742858
11	106	-25	489.752838
11	104	-26	489.81820600000003
10	103	-26	489.84841900000004
11	104	-25	489.903778
10	106	-26	489.918762
11	104	-26	489.928985
10	105	-25	489.933898
12	105	-26	489.943969
12	105	-26	489.984222
12	106	-25	489.999389
13	105	-25	490.009368
9	105	-26	490.014343
11	105	-26	490.024505
12	104	-27	490.02941799999996
12	105	-28	490.03952
11	104	-24	490.104919
12	104	-28	490.125152
10	106	-26	490.135131
10	106	-27	490.150177
11	105	-28	490.215789
10	104	-25	490.240631
11	104	-26	490.250946
10	105	-26	490.31631400000003
12	105	-26	490.321136
11	106	-24	490.356445
11	105	-27	490.426818
11	103	-26	490.43179299999997
11	106	-27	490.457214
11	103	-25	490.472076
10	104	-26	490.52752599999997
10	105	-26	490.532379
13	105	-27	490.537475
12	105	-26	490.547485
12	105	-27	490.552551
11	104	-26	490.57785
11	105	-26	490.622924
12	105	-27	490.632995
11	104	-26	490.643218
11	107	-27	490.653198
11	105	-26	490.66333
11	107	-25	490.67819199999997
15	106	-25	490.753692
11	103	-26	490.774017
12	105	-27	490.7789
11	106	-27	490.783905
12	103	-26	491.06048499999997
11	104	-27	491.07559200000003
10	104	-27	491.085662
10	105	-28	491.100982
11	106	-26	491.161315
11	105	-26	491.171356
10	106	-25	491.176208
11	105	-25	491.181243
9	105	-26	491.191253
9	105	-25	491.206359
12	106	-27	491.216461
12	104	-26	491.27673300000004
11	105	-28	491.292175
10	107	-27	491.306915
13	105	-23	491.322021
10	104	-26	491.35220300000003
10	105	-26	491.36734
11	104	-27	491.387451
11	104	-26	491.402496
10	106	-26	491.417602
11	105	-26	491.422821
11	104	-25	491.43273899999997
11	105	-25	491.462982
10	105	-24	491.553558
12	105	-25	491.563507
10	103	-27	491.57369900000003
11	104	-26	491.583557
11	104	-23	491.588745
11	104	-25	491.598632
11	106	-25	491.60375899999997
10	105	-28	491.659088
9	106	-26	491.674163
11	106	-25	491.704376
10	104	-25	491.77484100000004
11	106	-26	491.784942
12	105	-26	491.789825
11	105	-23	491.804931
11	105	-26	491.815307
11	105	-26	491.865356
12	107	-25	491.885437
11	106	-27	491.895629
9	106	-27	491.90551700000003
10	105	-27	491.915679
10	104	-26	491.981018
12	104	-27	491.996063
11	106	-27	492.001007
12	105	-25	492.021179
12	104	-25	492.03125
11	105	-24	492.0867
11	106	-25	492.096771
11	106	-27	492.121887
11	104	-25	492.157012
12	106	-27	492.167022
10	104	-26	492.177307
11	104	-27	492.202331
12	105	-28	492.24249199999997
11	105	-25	492.252563
11	105	-26	492.262573
12	105	-28	492.27288799999997
11	104	-27	492.302978
10	105	-28	492.307891
12	103	-25	492.338348
11	104	-27	492.348144
12	104	-25	492.36322
11	105	-27	492.37322900000004
10	106	-25	492.458984
11	106	-26	492.463836
12	105	-27	492.473785
11	106	-26	492.493957
11	106	-26	492.499359
11	105	-26	492.55422899999996
11	107	-26	492.56451400000003
12	104	-26	492.57962
11	103	-27	492.589538
12	102	-26	492.594604
11	104	-27	492.64984100000004
11	105	-25	492.67004299999996
11	104	-26	492.680023
11	106	-26	492.730285
11	104	-27	492.750488
11	105	-25	492.76065
11	105	-26	492.770599
11	105	-26	492.775573
11	103	-27	492.835998
12	105	-26	492.866271
11	105	-27	492.881225
11	106	-27	492.936553
10	107	-25	492.95678699999996
10	106	-25	492.97174
11	103	-26	492.981994
11	104	-27	493.04220499999997
11	106	-25	493.062652
10	104	-23	493.072326
11	104	-27	493.087554
11	104	-26	493.14779599999997
10	107	-26	493.162872
12	106	-25	493.17294300000003
10	105	-26	493.193054
10	105	-25	493.203216
12	105	-25	493.243316
9	105	-26	493.26858500000003
10	104	-25	493.29364
10	106	-26	493.354034
9	105	-26	493.36914
11	107	-27	493.379272
12	105	-27	493.394226
9	104	-26	493.459594
11	107	-24	493.484771
10	105	-25	493.51007
11	105	-26	493.555114
11	105	-25	493.565246
12	104	-25	493.57022
12	106	-26	493.57559200000003
10	104	-26	493.595397
9	104	-24	493.605682
10	106	-26	493.655731
12	105	-26	493.66616799999997
11	106	-26	493.696014
11	106	-25	493.706329
11	105	-27	493.741424
10	103	-27	493.751312
11	104	-26	493.761322
11	107	-27	493.776458
10	104	-24	493.786651
10	106	-27	493.83178699999996
10	104	-27	493.84182699999997
10	105	-25	493.851898
11	105	-26	493.8721
11	105	-26	493.922271
11	105	-26	493.932464
10	104	-24	493.93746899999996
11	104	-25	493.94775300000003
12	104	-25	493.957519
11	107	-26	493.967803
12	107	-25	493.972595
11	105	-26	494.022827
11	106	-26	494.058044
11	106	-27	494.068603
12	107	-27	494.123382
12	105	-26	494.13858
11	106	-27	494.14358500000003
10	104	-27	494.17373599999996
11	105	-25	494.26947
12	105	-25	494.284362
11	105	-25	494.314636
10	104	-24	494.40512
11	104	-26	494.42019600000003
10	106	-26	494.440338
11	106	-27	494.49078299999996
12	105	-26	494.505676
11	106	-26	494.525817
11	105	-25	494.540893
12	105	-24	494.58633399999997
9	105	-26	494.611267
10	105	-26	494.616607
11	104	-26	494.626342
11	105	-26	494.636474
10	103	-25	494.691894
10	106	-27	494.70678699999996
12	105	-27	494.717102
11	104	-26	494.72702
11	105	-25	494.742095
11	106	-26	494.832763
12	106	-26	494.84277299999997
10	104	-26	494.862762
13	105	-26	494.91805999999997
11	106	-27	494.928131
11	105	-27	494.943389
11	104	-27	494.958374
11	104	-25	494.96337800000003
11	104	-25	495.03396599999996
11	105	-25	495.043975
11	104	-24	495.064056
10	102	-25	495.069
12	105	-28	495.119323
11	106	-25	495.129394
11	106	-26	495.154632
10	105	-25	495.16454999999996
13	105	-26	495.229888
11	105	-26	495.240142
11	105	-26	495.25003
10	106	-26	495.265075
11	104	-25	495.340576
11	105	-27	495.350646
11	104	-26	495.35589500000003
10	106	-26	495.375793
11	106	-27	495.380767
10	105	-24	495.39083800000003
11	105	-26	495.446166
11	105	-26	495.46643
12	106	-26	495.471343
11	105	-26	495.476531
12	105	-27	495.491455
11	105	-25	495.566986
11	103	-27	495.582061
11	106	-27	495.597625
12	105	-26	495.602172
11	105	-27	495.607147
11	106	-27	495.617218
11	105	-24	495.657379
11	105	-26	495.66751
12	104	-28	495.677642
11	107	-26	495.682586
12	106	-25	495.687561
9	106	-26	495.697784
11	105	-26	495.78311099999996
10	107	-27	495.80841
11	105	-25	495.813354
11	106	-24	495.823516
13	105	-26	495.838562
12	106	-26	495.888916
10	105	-27	495.903747
11	106	-26	495.913879
11	105	-24	495.924102
11	105	-26	495.944091
11	104	-25	496.00946
9	104	-27	496.024475
11	104	-26	496.02957100000003
11	104	-26	496.039855
11	103	-27	496.044647
10	105	-25	496.05487
10	104	-27	496.130157
11	104	-24	496.155303
11	105	-25	496.160491
11	106	-27	496.17535399999997
12	106	-25	496.220703
10	104	-27	496.235748
11	106	-25	496.25592
11	105	-26	496.316345
11	105	-26	496.336303
11	105	-28	496.346527
11	106	-27	496.36672899999996
12	105	-26	496.416809
12	103	-26	496.421813
11	105	-25	496.43188399999997
13	107	-27	496.44226000000003
10	106	-25	496.452026
10	105	-26	496.51242
10	106	-25	496.527496
12	104	-25	496.557647
11	104	-27	496.603088
11	106	-26	496.61294499999997
12	104	-26	496.618133
12	105	-24	496.628021
12	106	-27	496.638214
11	105	-25	496.713562
11	105	-26	496.728607
11	106	-27	496.73883
11	105	-26	496.75381400000003
11	104	-26	496.764007
13	104	-26	496.849395
12	105	-26	496.864562
11	104	-27	496.869598
11	104	-27	496.879547
11	103	-28	496.94992
11	105	-26	496.975128
11	104	-27	497.025421
13	105	-24	497.0354
11	106	-25	497.050506
12	104	-26	497.055572
10	105	-26	497.100799
11	104	-25	497.13095
12	107	-26	497.141052
11	104	-26	497.14608699999997
11	105	-24	497.15621899999996
10	104	-27	497.19635
13	105	-26	497.201416
10	104	-25	497.206665
10	105	-25	497.246765
10	104	-25	497.317199
11	102	-25	497.327331
11	103	-29	497.337219
11	106	-25	497.34729
13	105	-26	497.357482
11	105	-24	497.412689
10	105	-26	497.427764
11	104	-27	497.437805
10	103	-25	497.45309399999996
11	105	-25	497.508239
11	105	-26	497.538452
11	106	-26	497.548492
12	108	-27	497.563598
11	103	-25	497.619049
11	105	-26	497.639007
12	106	-25	497.659149
11	106	-27	497.704406
13	106	-27	497.71948199999997
11	104	-26	497.724517
11	105	-25	497.739624
11	103	-26	497.810241
11	104	-26	497.825073
11	104	-26	497.830108
10	105	-27	497.840148
11	105	-28	497.895538
10	106	-27	497.920684
11	103	-24	497.930908
9	105	-27	497.945922
11	106	-24	497.950866
10	105	-25	498.001129
12	105	-27	498.011474
11	105	-27	498.021209
11	104	-26	498.036285
12	105	-25	498.046417
11	105	-26	498.107025
11	106	-27	498.11679000000004
10	106	-26	498.12692200000004
11	105	-27	498.13208
12	105	-26	498.14212
13	105	-25	498.217376
11	103	-25	498.22247300000004
10	105	-26	498.247528
11	106	-24	498.25277700000004
10	106	-25	498.262603
11	106	-25	498.333435
10	105	-26	498.3432
11	104	-25	498.36318900000003
11	106	-25	498.428894
11	106	-25	498.45877
12	105	-25	498.483947
11	107	-27	498.52932699999997
11	106	-26	498.549316
11	105	-27	498.564575
11	104	-25	498.639862
11	107	-26	498.644958
11	105	-24	498.675079
11	103	-28	498.760742
9	105	-26	498.76559399999996
12	104	-26	498.780639
11	105	-25	498.790863
11	106	-27	498.851196
11	105	-26	498.856414
13	104	-26	498.881195
12	105	-26	498.886291
10	106	-25	498.891479
11	106	-26	498.941619
12	106	-27	498.956878
10	105	-26	498.97695899999997
12	106	-24	498.98706
11	107	-29	499.06237699999997
12	105	-26	499.077423
11	105	-25	499.087615
10	106	-25	499.183197
11	106	-26	499.21337800000003
10	107	-28	499.218383
11	105	-27	499.273559
10	105	-27	499.283569
10	103	-25	499.29367
10	107	-26	499.303924
11	105	-27	499.31881699999997
10	106	-25	499.404388
10	105	-27	499.419708
12	104	-26	499.434509
11	107	-25	499.479797
12	106	-27	499.494873
11	105	-25	499.500061
10	106	-26	499.52004999999997
11	105	-25	499.53515600000003
10	106	-26	499.57550000000003
11	106	-26	499.58551
11	103	-27	499.59555
11	105	-25	499.600524
12	105	-25	499.61578299999996
11	106	-25	499.62564
11	104	-27	499.67114200000003
11	104	-25	499.69097899999997
11	105	-25	499.706115
10	105	-25	499.721221
10	105	-25	499.72625700000003
11	106	-26	499.77657999999997
10	105	-26	499.78659
10	105	-25	499.826904
11	104	-24	499.887176
11	103	-25	499.932617
12	105	-25	500.002929
10	103	-26	500.007904
11	107	-26	500.023162
10	105	-25	500.068328
10	105	-27	500.073303
12	106	-27	500.088348
10	105	-26	500.093597
11	105	-25	500.098571
11	104	-27	500.178985
12	104	-27	500.19415200000003
12	103	-27	500.199066
12	107	-25	500.214202
11	106	-25	500.244323
11	105	-27	500.25442499999997
11	104	-26	500.26947
10	107	-26	500.279541
10	105	-27	500.28970300000003
11	106	-24	500.355133
11	102	-28	500.359985
11	104	-27	500.365051
12	104	-26	500.369995
11	106	-27	500.385223
11	104	-27	500.39035
12	105	-26	500.395263
10	105	-27	500.460601
11	106	-25	500.475738
10	106	-26	500.48587
10	105	-27	500.526
10	105	-25	500.536071
10	104	-25	500.551269
11	106	-26	500.561157
10	105	-27	500.636657
13	104	-26	500.666992
12	105	-26	500.67184399999996
12	105	-25	500.676879
12	107	-27	500.682006
12	103	-27	500.68695
11	106	-26	500.77246
11	105	-26	500.782623
11	105	-27	500.842895
11	106	-26	500.87298499999997
11	106	-25	500.878173
11	105	-27	500.88809200000003
10	106	-27	500.968536
11	106	-25	500.978698
10	106	-25	500.998718
11	105	-27	501.069488
11	106	-26	501.084381
9	105	-26	501.094268
11	107	-26	501.104492
12	105	-28	501.184844
11	104	-27	501.194885
12	106	-25	501.245178
11	107	-27	501.26025300000003
9	104	-25	501.290435
12	104	-26	501.30072
11	105	-26	501.345825
12	106	-25	501.3609
11	105	-28	501.385986
12	104	-24	501.391418
11	105	-25	501.401336
11	106	-26	501.461547
11	105	-27	501.476654
10	106	-23	501.496826
10	104	-27	501.552124
10	106	-27	501.562225
11	106	-25	501.572204
11	106	-24	501.59262
11	105	-25	501.647552
11	105	-28	501.667999
12	103	-26	501.673004
11	104	-27	501.687835
11	105	-27	501.697814
11	107	-26	501.702972
11	105	-27	501.763397
11	106	-25	501.76831
13	106	-26	501.773315
12	104	-26	501.783386
11	106	-27	501.78860399999996
11	106	-25	501.793548
11	105	-26	501.838714
11	105	-26	501.858795
11	105	-26	501.878997
11	103	-27	501.88397199999997
11	105	-25	501.894073
11	104	-26	501.944396
10	105	-26	501.959472
11	105	-27	501.969451
12	105	-27	501.974517
13	105	-27	501.989562
12	106	-25	502.039978
10	105	-28	502.070068
11	105	-26	502.0802
11	106	-27	502.170654
12	105	-25	502.17568900000003
11	104	-25	502.180877
11	105	-26	502.195892
12	106	-27	502.20590200000004
11	105	-26	502.266235
11	107	-25	502.276519
11	106	-28	502.29135099999996
12	106	-24	502.301422
11	107	-24	502.306427
11	105	-25	502.311706
10	105	-26	502.371795
11	107	-26	502.381988
11	103	-25	502.402038
11	104	-24	502.417144
12	106	-28	502.47256400000003
11	106	-26	502.477783
10	104	-26	502.492553
12	104	-26	502.507965
11	107	-26	502.517883
12	105	-26	502.593231
13	106	-25	502.603393
11	105	-25	502.65362500000003
11	106	-26	502.68377599999997
13	105	-26	502.688781
10	105	-26	502.698822
11	105	-25	502.703979
11	105	-26	502.708953
12	105	-26	502.774261
10	105	-26	502.784332
10	105	-26	502.78952
10	107	-26	502.809478
10	106	-24	502.864898
13	105	-25	502.869873
11	104	-26	502.880126
11	106	-27	502.889953
11	105	-27	502.975372
11	105	-25	502.985473
9	106	-26	502.990478
12	106	-26	503.076019
11	105	-26	503.081268
10	104	-27	503.086059
11	105	-26	503.096252
12	106	-26	503.101196
13	106	-26	503.11129700000004
12	105	-27	503.116271
10	104	-26	503.186645
10	107	-26	503.191864
12	106	-26	503.19671600000004
9	105	-26	503.20684800000004
10	106	-28	503.21673499999997
11	106	-25	503.231964
11	107	-26	503.29244900000003
12	106	-25	503.302398
9	105	-26	503.317504
11	104	-26	503.34259
11	105	-26	503.34756400000003
12	107	-27	503.407958
11	104	-25	503.42807
10	106	-25	503.43814
12	104	-25	503.453399
12	104	-25	503.52374199999997
12	105	-27	503.528747
11	104	-25	503.538696
12	105	-27	503.553894
12	106	-26	503.56890799999996
10	106	-24	503.669433
12	105	-26	503.67453
12	107	-28	503.679687
13	107	-27	503.689788
12	104	-25	503.739929
11	106	-26	503.749908
11	106	-27	503.765228
11	106	-26	503.78036399999996
11	105	-28	503.795227
10	106	-27	503.870666
11	106	-27	503.88061500000003
10	105	-25	503.94604400000003
10	107	-26	503.956207
11	105	-26	503.981414
11	105	-26	503.991455
12	105	-27	503.996582
10	107	-25	504.051788
10	106	-26	504.076812
11	104	-27	504.091949
12	106	-25	504.142364
9	105	-26	504.152313
12	105	-25	504.15731800000003
9	105	-25	504.167724
11	106	-24	504.177551
9	104	-27	504.182525
10	107	-27	504.248107
12	105	-26	504.27835
9	105	-26	504.288452
11	105	-25	504.293243
11	106	-28	504.34848
11	106	-25	504.383666
11	106	-26	504.38885400000004
11	106	-26	504.393737
11	104	-25	504.39898600000004
12	105	-25	504.469268
11	106	-26	504.484313
11	105	-26	504.489501
11	105	-25	504.504455
12	104	-25	504.50939900000003
11	105	-26	504.559936
13	107	-26	504.590057
9	105	-26	504.665374
10	106	-26	504.68048
9	105	-26	504.690826
9	105	-27	504.756042
10	106	-25	504.76596
12	106	-26	504.776031
12	106	-25	504.78598
11	106	-28	504.796203
11	106	-26	504.811401
11	108	-26	504.846405
8	104	-27	504.86654599999997
11	106	-25	504.871582
10	105	-26	504.876617
12	106	-25	504.891906
10	102	-27	504.941986
11	106	-25	504.94696
11	104	-25	504.957092
11	105	-27	504.967102
12	108	-25	504.977172
10	105	-26	504.99234
12	105	-26	505.032531
12	106	-25	505.062652
11	105	-25	505.077789
11	106	-25	505.082946
11	104	-26	505.143127
11	105	-25	505.153259
11	106	-26	505.16830400000003
10	104	-26	505.21862699999997
10	104	-27	505.243988
13	105	-25	505.254241
11	105	-24	505.273956
10	106	-26	505.324249
12	105	-26	505.339294
9	105	-25	505.349395
11	105	-26	505.364471
11	105	-26	505.440063
11	105	-25	505.449981
10	105	-27	505.4552
11	106	-27	505.460113
11	104	-25	505.480133
10	105	-26	505.490203
12	105	-25	505.555633
12	106	-26	505.565612
12	106	-25	505.575805
12	104	-27	505.585815
11	105	-26	505.66632
10	105	-27	505.671478
11	107	-25	505.68637
11	105	-26	505.696594
11	106	-26	505.777191
11	105	-26	505.791931
11	105	-24	505.79708800000003
11	104	-26	505.802215
10	106	-26	505.80703700000004
12	105	-25	505.822143
10	105	-26	505.877532
11	105	-27	505.887512
12	105	-26	505.922821
13	107	-28	505.968048
11	106	-26	505.983093
10	106	-26	506.008331
10	105	-27	506.013275
10	105	-26	506.06356800000003
12	104	-26	506.07369900000003
12	105	-26	506.083648
11	104	-27	506.11383
12	106	-26	506.118957
11	106	-26	506.169311
11	105	-26	506.179412
10	107	-26	506.194274
11	104	-27	506.204406
12	105	-26	506.269805
10	106	-27	506.27481
12	106	-26	506.28491199999996
10	107	-25	506.309997
11	105	-26	506.370391
11	104	-26	506.375427
11	105	-26	506.380676
11	105	-25	506.40063399999997
10	106	-28	506.405609
12	107	-28	506.41574
11	107	-27	506.46112
12	106	-27	506.48623599999996
10	105	-25	506.496154
13	105	-26	506.51126
11	106	-27	506.577026
12	105	-27	506.58197
10	105	-27	506.59173499999997
12	104	-26	506.611907
11	103	-25	506.687316
10	106	-24	506.697296
11	106	-25	506.707397
12	105	-26	506.722778
11	106	-25	506.78790200000003
11	105	-27	506.792907
12	105	-26	506.79794300000003
11	105	-26	506.813171
10	105	-27	506.828277
11	104	-24	506.908782
12	105	-26	506.91864
10	107	-25	506.933715
10	105	-26	506.944091
10	104	-25	506.984222
11	106	-26	506.99411
12	104	-25	507.01919499999997
12	104	-25	507.034332
11	105	-26	507.03954999999996
11	104	-28	507.049438
12	105	-26	507.064636
10	104	-25	507.07998599999996
9	104	-27	507.094696
11	105	-26	507.110046
10	106	-26	507.23055999999997
11	104	-28	507.24557400000003
13	105	-25	507.290802
11	107	-26	507.295959
10	108	-26	507.30618200000004
10	108	-27	507.311004
12	107	-26	507.31604
11	106	-26	507.331207
11	106	-28	507.33612
11	106	-25	507.346405
11	106	-25	507.35134800000003
12	106	-27	507.366516
11	106	-26	507.39144799999997
12	105	-26	507.406585
10	106	-26	507.432281
13	107	-27	507.44680700000004
9	105	-25	507.481994
11	106	-27	507.48699899999997
11	105	-26	507.49722199999997
10	106	-25	507.547576
11	105	-27	507.557464
11	106	-25	507.58258
11	106	-25	507.60272199999997
11	107	-26	507.612792
104	136	4	507.718505
30	118	43	507.728515
18	165	-64	507.758819
-26	125	-230	507.763671
8	122	34	507.813903
26	30	112	507.819213
-166	115	-174	507.829711
-24	102	-129	507.83917199999996
91	172	23	507.849243
54	36	165	507.859313
-26	92	-29	507.929687
26	71	-26	507.944885
-6	129	-56	507.954864
9	111	-64	507.964874
8	111	11	507.974853
-5	123	-44	508.075531
16	116	-9	508.085571
14	112	-7	508.11105299999997
16	104	-14	508.166015
24	130	-28	508.171081
19	141	-70	508.186096
7	94	17	508.20120199999997
-6	128	-59	508.206298
32	129	34	508.221435
-11	54	-36	508.29675199999997
50	100	-15	508.301849
-6	142	-17	508.312225
7	88	-5	508.326965
-35	57	-192	508.377441
-98	231	54	508.392517
-72	79	64	508.397369
9	30	28	508.402496
-7	70	-207	508.407623
86	161	-10	508.41751
-8	46	215	508.42752
-69	99	-200	508.4328
-88	58	156	508.482971
197	79	-105	508.498046
-89	159	163	508.508087
-95	26	92	508.513305
140	-9	-176	508.52313200000003
179	195	91	508.528167
-117	117	105	508.538452
-85	77	205	508.59378
42	258	105	508.613739
-141	167	130	508.61868200000004
-57	43	-67	508.623687
171	23	-91	508.634124
121	46	-149	508.714447
-49	220	145	508.72436500000003
-152	156	21	508.72937
-69	19	-249	508.73458800000003
203	83	61	508.74453700000004
-77	76	-89	508.759613
-134	118	-111	508.840057
-72	14	-317	508.87023899999997
222	147	164	508.88031
8	3	-202	508.950683
139	86	-55	508.95584099999996
-109	173	93	508.96585
-66	89	-137	508.970825
-171	196	0	508.990966
44	25	-179	509.001037
89	62	-72	509.056365
199	184	185	509.061706
62	-6	24	509.096557
-127	104	-55	509.16195600000003
87	158	44	509.177032
-82	155	-79	509.182006
173	65	31	509.192199
3	197	49	509.202209
-88	161	-13	509.207305
138	207	10	509.262512
-165	196	-107	509.272613
240	190	193	509.287994
-217	126	-145	509.337982
-29	56	-82	509.34301700000003
132	-74	-85	509.368133
71	248	186	509.378173
133	81	47	509.39328
224	164	108	509.43872
153	262	220	509.45874000000003
213	128	210	509.47891200000004
131	199	205	509.539123
87	125	158	509.559387
-291	115	-152	509.589447
406	20	109	509.594421
-153	158	-96	509.664886
16	76	37	509.669891
-85	271	22	509.680267
-94	293	-269	509.700103
195	1	137	509.765716
-135	180	-101	509.775756
176	9	195	509.785614
-191	128	-149	509.851043
-134	205	-170	509.86602700000003
150	30	187	509.87622
265	73	167	509.891296
113	114	-52	509.896209
-218	37	-179	509.971832
251	143	164	509.981719
-233	0	-134	509.991851
131	201	-126	510.002075
-136	74	-61	510.077362
86	237	-146	510.087402
-246	60	-283	510.107421
-249	266	-276	510.122741
-198	130	-214	510.172912
159	36	267	510.198028
-147	35	-176	510.208068
-128	361	-357	510.268524
56	201	-242	510.288482
-51	240	-171	510.298828
221	80	230	510.323852
-122	130	96	510.38406299999997
-201	102	-113	510.399291
-37	260	-283	510.409515
-254	163	-303	510.459716
351	-12	171	510.469635
10	-8	28	510.47970499999997
-5	45	-240	510.504913
26	-18	122	510.565338
-129	397	-472	510.570312
-298	363	-311	510.585418
50	482	-323	510.600494
222	-85	255	510.610473
-4	335	-326	510.615631
-193	296	-6	510.65072599999996
-201	210	199	510.665893
-2	32	-124	510.670928
-344	488	-168	510.691131
30	583	109	510.706115
585	434	395	510.761413
456	167	-205	510.766632
546	671	179	510.78671199999997
-149	128	-168	510.852172
-90	83	285	511.79229699999996
67	19	-106	511.797485
-44	93	325	511.807403
41	128	-278	511.84262
35	-13	-65	511.84765600000003
-16	43	145	511.85281299999997
-55	161	50	511.862915
5	-8	-364	511.872802
-31	145	221	511.877807
80	17	-339	511.88784699999997
-177	136	174	511.923065
60	63	83	511.933349
-125	164	285	511.938201
-136	124	115	511.953277
-51	26	-268	511.958312
-78	304	-385	511.968322
57	-25	63	511.978515
299	180	183	512.01889
188	6	107	512.033782
-20	156	147	512.043853
-184	79	22	512.154418
-111	335	-329	512.16452
-42	131	96	512.184753
12	-6	-85	512.204772
-21	103	-454	512.285339
-32	120	-163	512.290252
-171	-52	-347	512.315399
-108	23	-545	512.330444
-112	-80	-429	512.400878
47	423	-424	512.405914
-292	-36	-642	512.416259
-139	38	-579	512.43106
-162	-9	-480	512.491455
104	236	366	512.51181
45	283	-551	512.521575
-155	10	-243	512.56192
-14	134	-242	512.566864
16	156	-126	512.577392
71	341	-335	512.582214
-42	138	-32	512.637237
32	119	-300	512.642517
105	25	434	512.647705
78	310	-386	512.657562
149	159	551	512.677673
-154	-38	-500	512.757965
-28	-30	-630	512.77301
25	122	441	512.783386
12	404	-24	512.808441
36	78	207	512.858764
99	282	114	512.868713
186	-4	219	512.87384
56	411	276	512.883758
-27	-73	419	512.888763
62	244	415	512.959106
85	371	-712	512.96936
54	354	604	512.974212
-1	186	-854	512.984619
40	-151	80	512.994445
72	-120	-307	513.054687
-14	39	716	513.06488
-35	98	502	513.079925
17	-20	732	513.095001
-70	427	34	513.105102
-89	53	-102	513.155426
17	122	849	513.180572
-51	231	-595	513.190521
221	227	702	513.195526
-70	-15	-279	513.261077
104	-3	245	513.271606
231	131	-127	513.281066
43	133	-298	513.306335
98	4	414	513.316223
88	212	79	513.386871
-44	-11	-807	513.427215
-68	481	-723	513.487213
-53	-174	-339	513.497283
-69	415	-624	513.502502
-59	-138	-681	513.51239
-182	-195	-760	513.52777
150	157	1145	513.582916
-134	-122	-658	513.588012
104	43	1075	513.5979
-106	-46	-580	513.602935
57	-30	929	513.613037
-166	-101	-338	513.633148
185	117	263	513.703674
-7	122	-34	513.708648
209	206	20	513.718658
-64	102	-253	513.773925
167	72	258	513.78421
14	-76	443	513.799011
101	0	665	513.814117
-20	228	-146	513.824371
61	44	781	513.829345
-86	47	-897	513.879455
18	-156	886	513.889556
84	512	561	513.899719
-38	-88	192	513.919891
201	332	504	513.929748
-117	-58	-211	513.980285
-89	165	394	513.990295
-268	55	-566	514.025482
-105	-25	591	514.035461
-120	106	-295	514.070678
-11	182	-158	514.085784
80	0	365	514.090728
5	10	156	514.095825
143	303	-309	514.10086
79	28	32	514.125946
-7	171	-395	514.176391
7	87	389	514.196441
58	-21	-220	514.201354
44	201	565	514.226715
50	380	478	514.281951
139	-216	151	514.286926
276	481	578	514.297027
-2	109	-696	514.307312
86	242	-450	514.322143
107	-91	-416	514.332122
11	-59	320	514.387695
-42	164	-440	514.407745
-22	216	156	514.412658
-53	323	-384	514.42276
-93	-23	65	514.432769
-56	285	415	514.442749
-162	353	57	514.498107
-21	267	109	514.533386
-87	255	-305	514.538635
89	318	56	514.548614
-75	374	426	514.588836
153	29	-240	514.593719
-3	232	502	514.604064
-171	329	-300	514.613861
-40	118	-247	514.62384
203	260	409	514.634094
86	267	-510	514.639129
97	410	334	514.704376
182	217	348	514.719512
184	15	-435	514.724395
-14	106	484	514.734558
-18	551	-109	514.744598
51	-126	17	514.809997
-13	435	123	514.820007
-107	298	-191	514.8304439999999
154	55	-81	514.840209
-142	267	96	514.850189
53	109	-88	514.855285
-1	287	-82	514.860382
-170	256	68	514.905853
173	76	-288	514.915679
-3	98	184	514.925903
91	74	-155	514.955871
200	-86	-165	515.016265
-82	161	66	515.026428
15	226	-67	515.041351
-141	243	56	515.051422
193	115	-163	515.061401
-109	401	-130	515.066497
60	-31	86	515.116851
-67	195	-112	515.121978
-90	99	-171	515.12677
-23	329	-151	515.136871
4	72	34	515.141906
151	-10	28	515.146942
141	22	115	515.162231
109	-73	25	515.19223
-181	128	-12	515.212371
42	238	-95	515.222564
223	-11	-25	515.232666
-139	60	-13	515.242492
-132	-43	-39	515.267669
18	57	-136	515.272857
350	104	75	515.27777
-149	5	-128	515.287933
147	186	-282	515.303039
-107	-64	2	515.31311
-36	73	-124	515.328063
196	67	174	515.338043
-37	165	-253	515.358276
-113	92	-414	515.373291
62	42	4	515.383514
24	130	-34	515.443695
50	1	103	515.453735
-4	-79	-360	515.479248
-36	136	338	515.483917
7	-13	-520	515.494201
7	236	568	515.574523
-18	-299	-111	515.594726
-151	133	-892	515.599731
62	-100	-43	515.609771
-153	153	1045	515.61975
-49	353	-985	515.629791
7	311	30	515.710449
-148	197	-121	515.715454
-72	321	-215	515.730377
-7	222	-162	515.74057
103	-42	-41	515.750488
-2	233	-6	515.805999
13	242	-97	515.815887
41	289	-14	515.830993
-63	85	153	515.83612
172	263	-55	515.846099
19	-92	-66	515.856079
31	211	-521	516.172973
68	347	391	516.177947
120	29	168	516.183013
159	470	-577	516.188049
6	-107	176	516.198577
144	415	-588	516.203186
-10	-139	68	516.213226
56	335	403	516.223236
-252	-185	-100	516.258422
-53	110	403	516.268554
-194	-69	-134	516.273559
-197	42	-153	516.278808
-203	-84	390	516.28363
-172	3	-369	516.288665
-112	186	-102	516.293731
-291	-84	-261	516.304229
-237	147	53	516.353973
-129	-200	192	516.35968
-78	-98	234	516.374145
-151	204	-44	516.384216
-192	-79	56	516.394378
-285	79	30	516.399627
-163	-19	-29	516.424774
-27	-79	75	516.43457
-37	-261	296	516.454559
-269	-215	-255	516.460266
-203	-239	-244	516.474731
-303	-392	-106	516.545166
-82	246	92	516.555175
-25	-148	-292	516.560546
-119	-42	-82	516.56549
-284	59	181	516.570343
-41	233	23	516.585327
-302	-154	-36	516.590545
134	182	-441	516.650848
-66	370	-191	516.655914
71	1	-218	516.665802
123	-29	-244	516.68103
-37	350	-469	516.686126
-16	385	205	516.69107
-11	323	-319	516.701141
-111	4	-441	516.786834
-19	-50	499	516.79663
163	331	-123	516.806945
15	-42	470	516.811737
-67	-38	-275	516.862243
233	127	-57	516.867156
338	101	121	516.882446
294	22	-82	516.887207
311	-222	45	516.91751
30	184	-344	516.987762
-221	68	162	516.997863
-168	469	-24	517.023132
-621	-995	212	517.093414
281	-847	859	517.098327
828	834	-186	517.10852
1618	739	-247	517.11856
118	1672	239	517.12857
-383	2096	-29	517.133575
-62	1326	-61	517.13861
17	432	-64	517.143798
379	310	55	517.188903
-9	335	-68	517.209228
101	255	-20	517.219085
-67	-28	-14	517.234191
31	119	-18	517.244445
-5	71	-16	517.279388
41	87	9	517.289581
-4	90	-55	517.309539
19	119	-25	517.319793
24	92	-11	517.380035
4	99	-23	517.385223
20	99	-34	517.390075
-5	119	-36	517.395202
-8	134	-25	517.405517
12	92	-20	517.420288
15	68	13	517.425231
-1	87	-49	517.430297
14	92	-46	517.486083
-18	112	-9	517.495758
23	138	-78	517.505737
22	78	29	517.516204
25	142	-23	517.520843
14	90	-9	517.576202
2	114	-38	517.586486
23	96	-9	517.59143
-10	109	-60	517.596343
13	122	-13	517.606536
1	92	-22	517.611541
7	131	-41	517.621368
15	92	-12	517.626464
3	107	-29	517.681762
24	93	-31	517.687042
0	85	-32	517.697052
-1	89	-13	517.712005
15	115	-31	517.716979
11	117	-21	517.732269
7	104	-24	517.782348
16	105	-26	517.79251
10	102	-22	517.797637
17	112	-27	517.812561
11	105	-20	517.817626
5	102	-22	517.822662
10	106	-32	517.827789
8	104	-22	517.842773
15	103	-25	517.857849
10	104	-24	517.862976
10	103	-23	517.86795
12	106	-27	517.882965
12	105	-24	517.888183
11	103	-27	517.898071
12	105	-24	517.963409
12	106	-25	517.968688
12	106	-25	517.978546
11	105	-26	517.988677
12	103	-27	518.003692
12	104	-27	518.008819
13	103	-25	518.013793
11	104	-24	518.069122
12	103	-26	518.074035
12	105	-27	518.079193
12	105	-26	518.084075
11	102	-26	518.089477
12	104	-27	518.104217
11	105	-26	518.164672
12	105	-24	518.169769
11	105	-25	518.174682
11	104	-26	518.195007
12	105	-27	518.199859
11	104	-25	518.220123
12	106	-25	518.280303
10	105	-25	518.290496
11	104	-26	518.300384
11	105	-25	518.310485
11	105	-25	518.315673
10	105	-27	518.386047
11	104	-25	518.395904
11	105	-26	518.406066
11	104	-25	518.416259
10	106	-26	518.426605
10	103	-26	518.471466
11	105	-26	518.476348
12	105	-25	518.491638
11	106	-25	518.496582
11	105	-26	518.501647
13	105	-26	518.526672
10	105	-26	518.556854
11	103	-25	518.572113
11	103	-27	518.582153
13	104	-27	518.642547
12	103	-26	518.662597
9	103	-26	518.677703
12	103	-27	518.682739
11	105	-26	518.702728
11	104	-26	518.71289
11	103	-27	518.727874
11	105	-25	518.748077
11	104	-26	518.763122
11	104	-25	518.778289
12	103	-25	518.793395
11	105	-26	518.798431
11	105	-26	518.858764
11	105	-25	518.863647
11	105	-25	518.874053
12	105	-27	518.898864
10	102	-28	518.904052
10	104	-25	518.979339
12	105	-25	518.984405
11	106	-27	518.99945
11	103	-27	519.00473
11	104	-25	519.019683
10	104	-26	519.024627
10	104	-27	519.070098
10	106	-25	519.074951
12	104	-26	519.089935
12	106	-26	519.095184
12	105	-26	519.105163
12	106	-26	519.110076
10	104	-25	519.185577
10	104	-27	519.210723
12	104	-26	519.220764
12	105	-27	519.271026
11	103	-27	519.276123
12	108	-25	519.286071
12	103	-25	519.301269
10	103	-25	519.31137
10	106	-26	519.321441
11	103	-25	519.381683
12	105	-24	519.391967
13	105	-26	519.401916
11	106	-27	519.422119
12	104	-24	519.427215
11	105	-25	519.492492
11	102	-26	519.502502
10	103	-24	519.507476
11	104	-25	519.51239
12	105	-25	519.517517
10	104	-25	519.527526
11	101	-24	519.532592
11	105	-25	519.582885
12	104	-27	519.602996
12	106	-24	519.607971
10	105	-25	519.618347
11	105	-27	519.668457
11	106	-25	519.678466
11	105	-27	519.698699
10	102	-25	519.703613
13	104	-25	519.708709
13	104	-25	519.779296
11	104	-26	519.78421
10	103	-23	519.7991939999999
10	105	-22	519.8143
10	106	-27	519.824371
11	104	-27	519.834289
13	104	-26	519.919738
10	106	-26	519.924896
12	104	-25	519.929962
11	104	-26	519.945251
11	104	-24	519.955078
10	104	-25	519.960174
10	105	-25	520.035522
13	105	-24	520.045745
11	105	-26	520.050659
11	105	-27	520.055694
11	105	-25	520.061035
11	107	-26	520.07077
11	104	-26	520.105987
11	105	-28	520.115997
11	104	-25	520.126037
11	104	-28	520.136138
11	104	-25	520.151245
10	103	-26	520.161254
12	105	-27	520.206665
11	105	-25	520.2117
11	105	-26	520.231781
12	105	-26	520.236877
11	104	-26	520.241882
12	105	-27	520.246765
12	107	-25	520.256744
11	104	-25	520.307281
12	103	-27	520.322174
11	105	-26	520.32727
11	104	-25	520.332305
11	103	-26	520.347625
11	106	-26	520.407806
13	104	-25	520.422912
12	106	-28	520.447967
13	104	-28	520.538513
12	106	-25	520.54367
11	102	-26	520.553558
12	105	-26	520.563598
12	104	-24	520.573974
10	106	-24	520.583862
12	103	-24	520.59375
12	105	-25	520.644042
10	103	-27	520.654205
11	106	-26	520.664611
12	103	-27	520.674316
12	106	-25	520.679229
11	105	-26	520.6893
12	104	-25	520.699523
11	104	-27	520.744903
12	104	-26	520.749816
10	104	-25	520.77481
12	105	-25	520.779876
11	106	-25	520.789916
11	104	-25	520.795104
12	104	-26	520.799987
13	106	-25	520.845275
10	105	-26	520.870391
11	104	-26	520.875427
